2
100
2
100
100
102
10200
0.756278
0.749826
-0.485377
-0.115035
0.826635
0.312048
0.289862
0.961025
0.923986
1.393815
-0.376326
0.075664
-0.436088
0.117648
0.802244
0.290549
-0.206544
0.846767
1.211676
0.171842
0.157114
-0.215838
0.779829
0.145524
-0.246725
0.075743
-0.407199
0.361223
-1.004536
-1.908420
0.007803
-0.594341
1.087163
-0.673657
0.914973
1.090677
0.374529
-0.006302
0.640622
-0.249426
-0.269663
0.667178
0.973704
0.591739
0.374677
0.388483
-0.978063
0.177905
-0.401795
0.859460
-1.090637
0.478989
-0.541841
0.663068
-0.636318
-0.088519
0.270110
0.320879
0.234770
-0.448737
0.634740
-0.750876
-0.813970
-0.606256
-1.434301
-1.493838
-0.832394
-1.491618
0.174937
-1.239587
-0.785292
-1.196226
-1.319606
-1.238438
0.195958
2.036402
1.864607
0.949463
0.002614
0.009508
0.792810
0.120376
-0.008528
1.475318
-0.855856
-3.101624
-0.639575
0.124899
-1.950665
0.670362
1.125431
-0.766734
0.309099
-0.550531
0.004504
-0.544319
-0.776356
-0.836678
-0.476038
-1.251253
0.217897
0.682750
-0.129752
0.395534
-0.693008
-0.687268
-0.496606
-0.699029
0.761258
-0.208608
-0.086978
0.033626
0.268818
0.045389
-0.247526
0.634428
0.599203
0.439288
0.363549
0.152840
0.049493
0.281663
0.880486
0.056397
0.860682
0.616156
0.753748
-0.090602
-0.680767
-0.349633
0.424590
0.299989
1.073593
1.054410
-0.523159
-0.811138
-0.836542
-0.212827
-0.731556
0.690053
0.446921
0.064437
-0.415797
-0.544419
0.851832
0.101365
0.919075
0.324396
-0.529318
0.212493
-0.491073
0.284053
-0.879601
-1.059359
-0.813732
0.820831
0.470471
0.857137
-0.470346
0.519074
-0.738332
0.818981
-0.278750
-0.650949
0.811617
0.146528
-0.651441
0.738533
0.696088
-0.567989
0.394713
0.020587
0.348567
-1.113447
0.353787
0.017916
-0.178231
0.249028
-0.673477
0.196645
-0.564686
-0.262215
-0.434192
-0.359739
-0.245501
-0.253659
-0.373249
-0.720179
-0.313402
0.367270
0.949207
0.015717
0.342024
-0.243693
0.335147
0.255817
0.902059
0.624793
0.338698
0.966963
-0.472043
0.158227
0.159482
1.014236
0.182336
-0.338604
0.221581
-0.790271
1.047440
0.706008
0.606458
-0.367772
-0.466116
-0.615986
0.371293
0.261333
0.257476
-0.896118
0.575340
-0.895550
0.616652
0.502397
0.245108
0.085941
-0.764378
-0.261106
-0.427190
-0.722361
-0.403822
1.045214
1.069669
-0.171412
-0.137959
-0.044056
-0.390686
0.820838
0.429045
0.669465
0.898903
0.348505
0.259568
0.424272
0.823663
0.653693
0.653181
0.092917
-0.110390
-0.067462
0.189251
-0.555371
-0.060731
-0.338694
0.743406
1.046547
0.698121
0.935778
-0.413297
1.051044
0.972845
-0.043968
0.828074
0.940053
0.784758
-0.264049
-0.125888
-0.697530
-0.621902
-0.944007
0.732494
-0.858044
0.254338
-0.155465
0.377166
-0.062778
-0.637511
-0.187163
0.945771
0.237440
0.677419
-0.110535
0.297820
-0.705409
0.246319
-0.144159
-0.754918
-1.610890
-0.271876
-0.244639
-1.658030
-0.334075
0.643428
-0.337961
-0.381345
0.405907
0.300164
0.380272
0.690359
0.584508
0.458831
0.370068
0.370046
-0.470887
1.068659
-0.174749
0.181648
-1.080961
0.328644
-0.189294
-0.297232
-0.502295
0.564571
-0.619429
0.073167
0.076111
-0.022023
-0.140602
0.410444
0.381607
0.472847
-0.729222
-0.998030
0.104224
-0.236311
-0.701467
-0.899823
0.798574
0.461530
0.825183
0.421166
0.058439
-0.256489
-0.495465
-0.182313
-0.727494
-0.052544
-1.047329
-0.534116
-0.553144
0.017376
0.487277
0.235730
-0.151953
0.773007
-0.859163
0.603111
-0.022032
0.535828
0.506391
-0.356015
0.315761
-0.631657
0.134881
0.000283
0.431975
0.814504
0.464287
0.255923
0.126240
-0.108977
-0.735024
0.822789
0.870628
0.425298
0.506121
-0.273360
-0.444491
0.474603
-0.067503
-0.284890
-0.339084
-0.433058
-0.795075
0.571177
-0.339382
-0.309057
0.100416
0.477083
-0.520682
0.203080
-0.692512
0.765039
0.102655
-0.049028
-0.840467
-0.720695
1.805339
0.445764
0.367864
2.957372
-0.906734
0.294455
0.837948
0.882253
-0.444345
0.160859
0.961040
-0.148289
1.361745
-0.462375
0.424612
-0.420251
-0.179796
0.281266
1.068344
0.107244
0.731192
0.414726
-0.547043
0.889044
-0.531885
-0.432629
0.585942
0.755262
0.704994
0.825045
-1.044301
-0.773214
0.186834
0.276155
-0.946083
0.439789
-0.091185
0.797333
0.170882
0.358331
-0.406989
0.009030
0.979502
-0.342842
0.478058
0.103586
0.069521
-0.942418
-0.787357
0.036109
0.128250
0.970699
-0.519951
0.618591
0.911359
0.012093
-0.720325
0.509460
-0.235856
0.960289
0.395753
-0.138745
-0.646588
-0.291183
-0.743246
-0.502139
-0.811440
0.263536
-0.647861
0.434097
-0.368531
-0.100106
-0.633483
-0.438024
0.461073
0.742024
0.713064
-0.318479
0.994609
1.020661
0.683965
0.049449
0.886238
-0.884693
-0.304010
0.823253
0.147562
-0.057485
0.336025
0.936259
-0.085305
-0.229411
-0.119040
0.255912
0.348896
0.032925
0.664042
0.531598
-0.825812
0.981495
0.282191
-0.253171
-0.161780
0.696879
0.319118
-0.656162
0.298073
0.115456
0.089771
0.269410
0.046235
-0.010790
-0.578098
-0.232116
-0.068138
-0.297857
-0.623083
0.846987
0.684625
0.684636
0.821653
-0.354850
-0.635983
-0.399309
0.874597
0.686767
0.527864
0.486661
0.129385
0.658170
0.401959
-0.976569
-0.644770
-0.800575
0.287659
0.602768
-0.508424
-0.678075
-0.548397
0.395582
0.304136
0.234206
-1.016987
0.407963
-1.131288
-0.252831
-0.712382
-0.565644
-0.273309
-0.925916
-0.783689
-0.328135
-0.140076
-0.289591
0.402804
-0.148870
-0.494891
0.088106
-0.515556
0.786594
-0.172388
-1.037234
0.841900
0.228270
-0.781976
0.204694
-0.036688
-0.076641
0.726782
0.496119
-0.612371
0.178816
-0.193507
-0.497084
-0.266626
-0.173618
0.340185
0.072139
0.319822
-0.851922
0.239134
0.658790
-0.075618
-0.732273
-0.565935
-0.528159
0.191955
0.036828
0.619245
0.736091
0.082847
-0.308595
0.923618
-0.012582
-0.991394
-0.708171
-0.655566
0.063294
0.196511
-0.978190
-0.066469
0.584333
0.239392
0.915317
-0.854111
-0.941381
-0.637818
0.486918
0.192472
0.787507
0.676023
-0.611762
0.544967
-0.294600
-0.252482
-0.779646
0.511665
-0.784324
0.328260
0.222902
-0.791809
-0.255759
0.850025
-0.733440
0.939340
1.246863
-0.426770
-0.521977
0.261054
0.923598
-0.368196
0.738140
0.549211
0.502060
-0.018268
0.610232
0.860885
0.088891
-0.072408
0.283332
0.152344
0.040883
0.724757
-0.165058
0.470284
-0.641258
0.217517
0.134138
-0.453909
-0.496126
-0.866176
-0.319591
0.259330
-0.924046
-0.182387
-0.057170
-1.164299
0.081059
-0.142400
-0.318594
-0.371840
0.055600
-1.175158
-1.448408
-0.677670
0.714886
0.978416
0.627222
0.322934
0.399280
-0.258430
-0.045860
-0.393673
1.640172
1.555413
1.706108
0.346956
0.797021
0.723997
0.926807
-0.637728
0.956138
0.259872
0.909866
-0.611998
-0.796345
0.235175
-0.485524
0.528528
-0.659740
1.660171
-0.194933
0.669430
-0.858476
-0.440838
-0.166699
0.801836
0.150133
-0.670780
-0.509114
1.227117
-1.227865
-0.200021
1.403352
-0.922104
-0.034785
0.247376
-0.415064
-0.917247
-0.937441
-0.759711
-1.386967
-0.842498
-0.144974
-1.328459
0.154672
0.630764
0.162807
0.579514
0.280399
0.844729
0.338491
0.815324
0.814772
0.653834
-0.241162
-0.372312
0.063638
0.157961
-0.128092
1.002725
0.003307
0.271064
0.290279
-0.493938
0.440103
-0.728818
-0.966239
-0.504938
-0.319557
-0.023946
0.272266
-0.209247
0.616178
-0.402114
0.351905
0.275482
0.030829
0.169893
0.421652
-0.338159
0.089627
-0.193219
-0.499010
-0.088336
-0.620318
0.109162
0.670903
0.746219
-0.251527
-0.365214
0.484229
0.412221
0.675580
-0.418136
0.283064
-0.308952
-0.572366
0.322946
0.074653
-0.005005
-0.546317
-0.562967
-0.700167
-0.339961
0.577461
0.553599
-1.493427
-1.013981
-0.825439
-0.456133
-0.565081
0.409094
0.701303
-0.243963
-0.694764
-0.911567
-0.942193
-1.234776
0.440307
0.292602
-0.114105
0.001637
0.958543
-0.718182
0.492854
0.711944
0.510331
-0.556932
0.172989
-0.958123
0.314900
-1.235729
-0.311430
0.841083
-0.181156
-0.534382
0.417477
-0.381900
-0.028387
-0.407953
-1.291284
-0.991374
-0.532438
0.649410
0.552077
0.281396
-0.630546
0.910087
0.494291
0.925385
-0.609537
1.028887
-0.174801
-0.824018
-0.882675
-0.629904
0.825495
0.346619
-0.655489
-0.051662
0.629968
0.668762
-0.054839
-0.311311
0.475358
0.644397
0.420661
0.175828
-0.654642
-0.334253
0.858861
-0.442351
-0.041061
-0.270283
-0.433132
-0.917763
0.451343
-0.423711
0.755648
-0.211756
-0.645020
-1.011833
-0.330432
0.030901
-0.832817
-0.126506
0.275993
0.799925
-1.003703
0.595700
-0.124301
0.924999
0.540180
1.038159
-0.127326
0.220473
0.724101
-0.712693
-0.467992
-0.835794
-0.187437
-0.727781
-0.502393
0.404275
-0.053616
0.192106
0.265862
0.332922
0.476602
0.331023
0.252382
0.195586
0.072413
0.197026
0.154163
0.151399
0.174574
0.268370
0.105527
-0.428040
-0.085137
0.082454
-0.006462
0.085343
-0.028669
-0.117374
-0.168052
-0.096218
0.150587
0.264372
0.152724
0.194300
0.192948
0.052357
0.023481
0.218460
0.254370
0.173066
0.339760
0.276776
0.516820
0.417296
0.329463
0.361208
0.021101
0.024981
0.079171
0.160605
0.017028
-0.026965
0.009833
0.020192
-0.100065
-0.112219
-0.111217
0.003200
-0.087385
-0.057790
-0.071021
-0.112731
-0.100263
-0.123673
-0.005352
-0.012746
-0.052863
0.038429
0.233094
0.138825
-0.019164
0.067814
-0.041709
0.066346
0.127394
0.184251
0.086085
0.024181
-0.039454
0.048045
0.058502
0.031950
0.095681
0.056451
0.014629
0.022195
0.015657
0.001843
-0.076943
-0.072715
-0.107513
-0.045721
-0.000635
0.096180
0.119576
0.069384
-0.084546
-0.110557
-0.242264
-0.045401
-0.115400
-0.075034
-0.051499
-0.169917
-0.162174
-0.257269
-0.253504
-0.104082
-0.051136
0.039933
0.133222
0.023687
-0.015614
-0.049398
-0.039150
0.008990
0.003763
-0.043480
-0.000191
0.051226
0.083168
-0.595670
-0.113742
0.160227
0.026543
0.189549
0.121680
-0.152350
-0.252535
-0.144060
0.043072
0.074288
0.099625
0.115498
0.055310
-0.044954
-0.123440
-0.034749
0.039173
-0.056130
0.237102
-0.032954
0.090127
0.199765
0.265172
-0.018395
0.064929
0.059752
0.066265
0.076762
0.051083
0.042656
0.045333
0.047043
0.022719
0.021588
0.019427
0.036833
0.021918
0.026492
0.023865
0.013644
0.020940
0.019374
0.047848
0.043775
0.033355
0.044137
0.080596
0.063632
0.033475
0.064182
0.039953
0.052236
0.066377
0.076793
0.063714
0.050769
0.044253
0.058809
0.059485
0.053060
0.059494
0.051585
0.043997
0.044406
0.041909
0.042444
0.033259
0.034390
0.028223
0.036721
0.045016
0.060344
0.063653
0.063356
0.047167
-0.022455
-0.084311
-0.033598
-0.039575
-0.071485
-0.041763
-0.109719
-0.084723
-0.085760
-0.112525
-0.074040
-0.065614
-0.014296
-0.043058
-0.030687
-0.001642
-0.138258
-0.036586
-0.072527
-0.053877
-0.050663
-0.074399
-0.047971
-0.104117
-0.174117
-0.079703
-0.026424
-0.081345
-0.042433
-0.069232
-0.081978
-0.088682
-0.121953
-0.053524
-0.141096
-0.073535
-0.028544
-0.085764
-0.101182
-0.077270
-0.094198
-0.081514
-0.072442
0.018767
-0.061937
-0.017921
-0.065892
-0.028320
0.048748
0.008357
0.005998
0.016729
0.034047
0.001172
-0.009053
-0.003423
-0.000530
-0.028547
-0.030877
-0.033201
-0.008328
-0.029245
-0.022968
-0.024653
-0.035486
-0.030330
-0.034357
-0.002804
-0.006530
-0.017670
0.000168
0.046864
0.024599
-0.013890
0.012260
-0.015483
0.007524
0.023580
0.036664
0.016277
0.000952
-0.011602
0.008272
0.009932
0.002762
0.014991
0.004235
-0.006190
-0.005281
-0.007576
-0.010094
-0.025420
-0.023924
-0.031716
-0.018638
-0.007911
0.014202
0.018725
0.012303
-0.015536
-0.016853
-0.051673
-0.005693
-0.026105
-0.024074
-0.011336
-0.039745
-0.039687
-0.060990
-0.057051
-0.026660
-0.019717
0.004836
0.023012
0.006116
0.003794
-0.018003
-0.007510
0.003646
-0.000505
-0.012451
-0.002639
0.006876
0.008908
-0.136559
-0.033949
0.026942
-0.000504
0.030044
0.005928
-0.050717
-0.081619
-0.055425
-0.006851
0.004904
0.003633
0.012080
-0.003566
-0.032284
-0.044513
-0.024172
-0.011552
-0.031949
0.036553
-0.022914
0.007083
0.017913
0.033197
-0.009441
-0.023027
-0.010168
-0.115965
-0.298796
0.039346
0.140862
0.075349
0.048117
0.316430
0.342114
0.347147
0.094777
0.287791
0.225095
0.257884
0.358180
0.300960
0.337859
0.040602
0.056325
0.144313
-0.056432
-0.483278
-0.281420
0.064811
-0.167985
0.073882
-0.163286
-0.320341
-0.456828
-0.253224
-0.127060
0.002839
-0.225853
-0.277172
-0.223094
-0.363008
-0.282272
-0.205346
-0.228836
-0.235168
-0.230220
-0.083848
-0.119089
-0.032298
-0.157131
-0.252804
-0.478358
-0.574712
-0.574217
0.191642
0.321940
0.667607
0.221390
0.384574
0.356279
0.272895
0.564734
0.564462
0.756376
0.728794
0.418995
0.314264
0.057042
-0.085127
0.109219
0.125402
0.329747
0.208638
0.101609
0.109617
0.218501
0.111395
0.011437
-0.018414
1.417571
0.361833
-0.250770
0.003219
-0.352844
-0.207126
0.363125
0.622055
0.380524
-0.080712
-0.153891
-0.194761
-0.300947
-0.160342
0.116171
0.196690
-0.015684
-0.150380
0.063508
-0.760415
-0.346956
-0.705842
-0.824381
-1.065225
-0.546362
-0.111711
-0.065746
0.102112
0.329142
-0.195189
-0.389114
-0.233479
-0.253722
-0.702877
-0.745064
-0.611069
-0.173779
-0.417866
-0.313691
-0.494910
-0.680980
-0.605916
-0.660374
-0.317021
-0.261067
-0.351749
-0.066963
0.434038
0.163929
-0.222179
0.180020
-0.128748
0.209909
0.423350
0.659244
0.278915
0.062137
-0.141258
0.151809
0.243935
0.177827
0.406130
0.366197
0.275332
0.321821
0.379234
0.428500
0.204289
0.183915
0.072831
0.329218
0.430410
0.650622
0.815056
0.838052
-0.322758
-0.526928
-0.897455
-0.306008
-0.555932
-0.426983
-0.393279
-0.862773
-0.899823
-1.169265
-1.075167
-0.531493
-0.278108
0.038789
0.249647
-0.117985
-0.263918
-0.417596
-0.413813
-0.123700
-0.149663
-0.289446
-0.011927
0.068821
0.112372
-1.808977
-0.240325
0.539291
0.166699
0.606854
0.411740
-0.483360
-0.851427
-0.460798
0.112378
0.269627
0.306619
0.485377
0.312540
-0.047808
-0.134883
0.256568
0.427592
0.140412
1.230063
0.762415
1.242411
1.458207
1.945579
1.275816
0.014194
-0.065660
-0.158449
-0.186451
-0.015119
0.096252
0.008365
0.054948
0.197185
0.226484
0.131437
-0.093554
-0.013737
-0.044679
0.108034
0.197005
0.233399
0.246027
0.217650
0.144493
0.154222
0.101973
0.067208
0.158246
0.177743
0.043451
0.092050
-0.139695
-0.193871
-0.304420
-0.073324
0.034301
0.153113
0.120636
0.132918
0.187152
0.065141
0.045761
0.086582
0.078181
0.012269
-0.042215
0.037865
0.155355
0.180705
0.004536
-0.014752
-0.019061
-0.063899
-0.056372
-0.121624
-0.044499
-0.095260
-0.199522
-0.156553
-0.151221
-0.096438
0.022010
0.063356
0.115004
0.116047
-0.149546
-0.300874
-0.372492
-0.530199
-0.397614
-0.227297
-0.257825
-0.060399
-0.268250
-0.192224
-0.120124
-0.189749
-0.271453
-0.117394
0.513717
0.054922
-0.124830
-0.074280
-0.126772
-0.081530
0.112961
0.234165
0.131516
-0.132987
-0.409155
-0.147012
-0.239641
-0.360190
-0.035543
0.013305
-0.234105
-0.310709
-0.221734
-0.406700
-0.322933
-0.533641
-0.515879
-0.534054
-0.484196
-0.008978
-0.004021
-0.059100
-0.152491
0.014338
0.065675
0.034522
0.020887
0.150660
0.165421
0.171157
0.041749
0.136918
0.109777
0.126875
0.179930
0.152802
0.170614
0.021625
0.028131
0.070356
-0.023723
-0.235518
-0.136233
0.032247
-0.082032
0.035271
-0.088462
-0.166321
-0.237597
-0.133459
-0.066384
-0.001762
-0.113212
-0.139166
-0.112814
-0.183769
-0.143609
-0.109790
-0.121426
-0.129458
-0.128014
-0.056695
-0.072325
-0.033484
-0.095213
-0.142207
-0.249804
-0.288243
-0.277344
0.093596
0.193738
0.367744
0.146300
0.223076
0.234390
0.175791
0.306026
0.317918
0.414235
0.389119
0.245871
0.191791
0.058547
-0.014463
0.077872
0.081259
0.193984
0.138623
0.071762
0.087871
0.135818
0.091570
0.051020
0.041928
0.719280
0.219048
-0.085051
0.023594
-0.129570
-0.102969
0.167269
0.306377
0.178054
-0.059630
-0.078307
-0.106109
-0.167330
-0.080387
0.033021
0.069283
-0.032445
-0.103942
-0.006609
-0.396809
-0.202640
-0.384758
-0.423469
-0.507063
-0.249891
-0.008314
-0.002780
0.018769
0.032929
0.002194
-0.023407
-0.015795
-0.018436
-0.038979
-0.048446
-0.048721
0.009738
-0.012236
-0.013257
-0.040728
-0.055587
-0.065727
-0.068680
-0.049135
-0.041523
-0.045276
-0.036547
-0.021864
-0.041614
-0.050295
-0.001507
-0.013400
0.032658
0.056480
0.085006
0.032930
-0.002608
-0.022205
-0.007647
-0.011753
-0.023643
-0.002968
-0.003794
-0.005920
-0.004396
0.011632
0.025663
0.014974
-0.002784
-0.009069
0.020602
0.032904
0.050077
0.052097
0.063085
0.012832
0.082631
0.113191
0.124406
0.105905
0.112274
0.089357
0.075289
0.073366
0.053109
0.041334
0.119080
0.147878
0.141464
0.221519
0.172229
0.120478
0.177672
0.099770
0.145726
0.141665
0.120551
0.129782
0.163264
0.131584
-0.040284
0.083405
0.112134
0.097116
0.132241
0.084273
0.029100
0.021600
0.068136
0.118203
0.204700
0.144407
0.123451
0.165923
0.123353
0.082374
0.185564
0.207279
0.149009
0.212044
0.212287
0.265919
0.273553
0.221675
0.164635
-0.057622
-0.062802
-0.076907
-0.090403
-0.073739
-0.064053
-0.072151
-0.072830
-0.062665
-0.057750
-0.056906
-0.084976
-0.069323
-0.072037
-0.064448
-0.061928
-0.052311
-0.048788
-0.057713
-0.060030
-0.055561
-0.067626
-0.084438
-0.070308
-0.058044
-0.041583
-0.031485
-0.059213
-0.068118
-0.080570
-0.055324
-0.042958
-0.029430
-0.040678
-0.039304
-0.033405
-0.047133
-0.045035
-0.043540
-0.044963
-0.048553
-0.049214
-0.035736
-0.029889
-0.024884
-0.041581
-0.049535
-0.062588
-0.063689
-0.056433
-0.032331
-0.029211
-0.031457
-0.053366
-0.053184
-0.061700
-0.047150
-0.035778
-0.038195
-0.032305
-0.018709
-0.051332
-0.063770
-0.081957
-0.103985
-0.084733
-0.067123
-0.070579
-0.060540
-0.072549
-0.068273
-0.065560
-0.070505
-0.083824
-0.072475
0.049490
-0.027627
-0.063540
-0.052337
-0.077966
-0.060868
-0.032607
-0.022581
-0.031939
-0.073060
-0.085325
-0.079416
-0.086087
-0.083807
-0.058989
-0.047985
-0.073211
-0.088342
-0.068400
-0.099226
-0.072694
-0.102005
-0.110693
-0.121768
-0.081938
-0.059246
-0.053387
-0.089544
-0.149451
-0.038943
-0.006347
-0.029401
-0.039317
0.058211
0.064065
0.067885
-0.013978
0.059366
0.034657
0.036740
0.069892
0.055113
0.072483
-0.028727
-0.015023
0.023491
-0.044934
-0.208555
-0.130953
0.005715
-0.074359
0.022040
-0.051563
-0.102718
-0.143835
-0.075738
-0.024952
0.019798
-0.046431
-0.049339
-0.025803
-0.067139
-0.029087
0.011880
0.009002
0.023750
0.038131
0.096394
0.090008
0.117618
0.073801
0.035562
-0.045049
-0.059799
-0.019297
0.035696
0.039724
0.159872
0.001775
0.065149
0.028610
0.006251
0.102036
0.097648
0.173413
0.161732
0.056801
0.026524
-0.047847
-0.113063
-0.037716
-0.019151
0.025455
-0.000785
-0.031300
-0.019178
0.016840
-0.030228
-0.059220
-0.091110
0.442381
0.078321
-0.138689
-0.026263
-0.146591
-0.073301
0.136614
0.229260
0.144597
-0.007535
-0.055300
-0.046507
-0.059748
-0.024688
0.083557
0.146638
0.084774
0.030486
0.102815
-0.119522
0.118894
0.028875
-0.043754
-0.096355
0.095539
-0.143870
-0.184494
-0.375295
-0.646004
-0.158753
-0.016743
-0.170889
-0.196519
0.226826
0.258400
0.218964
-0.162060
0.142638
0.030384
0.071748
0.207788
0.169895
0.266039
-0.096563
-0.089032
0.035024
-0.294527
-0.947744
-0.633438
-0.091869
-0.336947
0.017009
-0.349454
-0.521386
-0.693580
-0.356393
-0.160385
0.072562
-0.186651
-0.194083
-0.102786
-0.322509
-0.187615
-0.016919
-0.036826
0.004299
0.077952
0.369432
0.378522
0.496186
0.270848
0.121076
-0.196968
-0.268458
-0.022954
0.236639
0.302826
0.749017
0.053346
0.288533
0.027690
0.003031
0.419195
0.394001
0.706795
0.681544
0.198353
0.029679
-0.306259
-0.572508
-0.218925
-0.046038
0.055003
-0.004601
-0.173126
-0.120567
0.042351
-0.209425
-0.339049
-0.505040
1.859626
0.254330
-0.686449
-0.195175
-0.697358
-0.387677
0.541568
0.931653
0.597249
-0.017687
-0.201671
-0.164367
-0.254035
-0.135883
0.347333
0.585946
0.383012
0.163313
0.396514
-0.444361
0.623636
0.270038
-0.152620
-0.497741
0.374919
0.043328
0.039935
0.070606
0.119626
0.029220
0.002369
0.022434
0.030264
-0.049315
-0.054659
-0.056771
0.011137
-0.048610
-0.028308
-0.031170
-0.057753
-0.046722
-0.061501
0.019256
0.009227
-0.021413
0.035186
0.167299
0.104262
-0.005828
0.057656
-0.019805
0.041581
0.082404
0.116098
0.059115
0.017878
-0.019589
0.033989
0.036266
0.017269
0.051974
0.021817
-0.011193
-0.008577
-0.019950
-0.031656
-0.080331
-0.076371
-0.099017
-0.062150
-0.031161
0.034032
0.046136
0.011715
-0.033034
-0.037576
-0.133376
-0.004126
-0.054678
-0.022536
-0.006898
-0.084954
-0.081434
-0.142630
-0.134281
-0.047710
-0.021812
0.039582
0.092565
0.030477
0.013022
-0.021500
-0.001529
0.023947
0.014075
-0.014948
0.024657
0.048576
0.074654
-0.363836
-0.064523
0.112163
0.020653
0.119111
0.059038
-0.113088
-0.188107
-0.120028
0.004094
0.042578
0.035536
0.047376
0.018979
-0.069892
-0.120477
-0.070252
-0.026088
-0.084408
0.094718
-0.100302
-0.026814
0.034818
0.081253
-0.077604
0.001762
0.002876
0.000069
-0.005255
0.004681
0.007549
0.005983
0.004936
0.013796
0.014155
0.014952
0.007990
0.014702
0.012505
0.012203
0.015336
0.013563
0.014968
0.005095
0.006799
0.010581
0.004645
-0.010722
-0.003633
0.009348
0.001341
0.010537
0.004470
-0.000512
-0.004125
0.001484
0.006138
0.009794
0.003607
0.003313
0.005499
0.002131
0.005898
0.009782
0.009604
0.011223
0.012515
0.017331
0.016251
0.018723
0.015202
0.011621
0.003993
0.002681
0.005777
0.010905
0.010781
0.022596
0.008376
0.014581
0.012208
0.009210
0.017902
0.017543
0.024606
0.023127
0.014057
0.011768
0.005246
-0.000621
0.005909
0.006723
0.011519
0.008430
0.006009
0.007063
0.010438
0.006694
0.004130
0.001101
0.048422
0.015699
-0.004106
0.006395
-0.004541
0.002053
0.020998
0.029558
0.021594
0.007788
0.003428
0.004192
0.003355
0.006730
0.016295
0.022305
0.016502
0.011534
0.018315
-0.002984
0.018670
0.010515
0.004729
0.001008
0.017885
0.091710
0.089234
0.154638
0.257080
0.069131
0.013766
0.058420
0.073910
-0.090501
-0.101738
-0.103389
0.038658
-0.084453
-0.042252
-0.049192
-0.104601
-0.083049
-0.114958
0.047664
0.029980
-0.030243
0.089275
0.359946
0.231295
0.005542
0.128915
-0.026369
0.104529
0.185600
0.254582
0.133969
0.050257
-0.030193
0.078834
0.083017
0.044449
0.119245
0.057887
-0.010621
-0.004891
-0.027187
-0.052839
-0.156020
-0.149478
-0.195918
-0.117854
-0.054614
0.079437
0.104892
0.027898
-0.065338
-0.077357
-0.272183
-0.003312
-0.105686
-0.033316
-0.004073
-0.165429
-0.157287
-0.283485
-0.267820
-0.086720
-0.031097
0.096623
0.205107
0.074756
0.032301
-0.033532
0.004938
0.059886
0.039557
-0.022014
0.061594
0.112545
0.169344
-0.740520
-0.120147
0.247794
0.057639
0.259346
0.136005
-0.221630
-0.376695
-0.237707
0.015384
0.092601
0.077961
0.103628
0.047812
-0.136745
-0.239763
-0.141375
-0.050581
-0.165259
0.197375
-0.210283
-0.060573
0.074087
0.174313
-0.157755
0.026978
0.022041
0.037503
0.064383
0.013662
-0.001247
0.007935
0.012778
-0.032847
-0.035157
-0.037929
-0.001546
-0.035327
-0.023952
-0.024243
-0.039678
-0.031421
-0.038694
0.010514
0.002785
-0.016557
0.013656
0.090920
0.054248
-0.010080
0.030992
-0.016123
0.015483
0.040623
0.059903
0.030468
0.006331
-0.012666
0.018349
0.019798
0.008670
0.026027
0.007830
-0.011363
-0.010206
-0.017864
-0.023787
-0.049110
-0.045289
-0.058230
-0.039349
-0.021447
0.016044
0.022790
0.006467
-0.017618
-0.018145
-0.076393
-0.003943
-0.034801
-0.020853
-0.007773
-0.052533
-0.051068
-0.086608
-0.079285
-0.032505
-0.019632
0.013950
0.044183
0.010909
0.005947
-0.018153
-0.004077
0.008783
0.003149
-0.012959
0.008327
0.020541
0.033922
-0.207702
-0.042534
0.056057
0.004884
0.060358
0.027019
-0.069326
-0.112784
-0.072523
-0.001366
0.021525
0.017521
0.023090
0.005446
-0.043719
-0.073597
-0.043003
-0.018053
-0.053876
0.052786
-0.055406
-0.013376
0.016200
0.036830
-0.048384
-0.008032
-0.004367
-0.008407
-0.016711
0.000754
0.005743
0.003731
0.002047
0.018874
0.019128
0.020467
0.009487
0.020813
0.016809
0.016514
0.022307
0.017679
0.019415
0.000082
0.003868
0.011987
0.002903
-0.025437
-0.011990
0.011341
-0.006959
0.011836
0.003441
-0.006558
-0.013508
-0.005437
0.003507
0.008433
-0.002429
-0.003023
0.001015
-0.003299
0.003438
0.010474
0.010212
0.013725
0.014990
0.022177
0.020188
0.024822
0.019606
0.013357
0.000505
-0.001892
0.001599
0.008117
0.007280
0.030519
0.005919
0.018423
0.016140
0.008554
0.025000
0.025124
0.038169
0.033060
0.018689
0.015169
0.004536
-0.005652
0.004269
0.002419
0.014401
0.007612
0.004141
0.006189
0.011396
0.003851
0.001188
-0.002303
0.074814
0.021664
-0.010580
0.006367
-0.012005
-0.001411
0.031605
0.047615
0.032312
0.007457
-0.001156
0.000203
-0.001389
0.006033
0.022080
0.033004
0.020673
0.012329
0.026828
-0.013969
0.021432
0.006868
0.000741
-0.002610
0.022295
0.078060
0.191231
0.518186
0.947799
0.197040
-0.019066
0.266946
0.291783
-0.361656
-0.422997
-0.308412
0.297985
-0.152357
0.021985
-0.076075
-0.264912
-0.226202
-0.397424
0.094374
0.131185
-0.022293
0.511638
1.464698
1.001726
0.224477
0.527346
0.031173
0.617908
0.838286
1.098291
0.548154
0.269664
-0.112002
0.259984
0.266945
0.136308
0.499758
0.327546
0.080852
0.119249
0.079824
-0.041253
-0.518769
-0.571196
-0.755451
-0.379858
-0.169474
0.279495
0.404190
-0.018848
-0.480185
-0.627173
-1.243517
-0.167789
-0.494541
0.011229
-0.017108
-0.663129
-0.629174
-1.095222
-1.072584
-0.312634
-0.020707
0.513539
0.912026
0.349207
0.010259
-0.064518
-0.019520
0.273549
0.194102
-0.054244
0.398812
0.586726
0.854375
-2.833236
-0.318569
1.102389
0.340889
1.114440
0.639640
-0.816899
-1.407907
-0.931040
-0.020307
0.263103
0.209508
0.387161
0.227192
-0.526979
-0.840281
-0.606753
-0.314407
-0.564331
0.597739
-1.088687
-0.592853
0.192410
0.918146
-0.455052
-0.152996
0.004677
0.182397
0.371888
0.034547
-0.083958
0.135189
0.072862
-0.225274
-0.250596
-0.050307
0.271284
0.107175
0.194766
0.050332
-0.030709
-0.086833
-0.180270
-0.125514
-0.013518
-0.019060
0.257955
0.529486
0.354283
0.141218
0.134904
0.015923
0.334267
0.348394
0.466880
0.138816
0.048329
-0.185675
-0.067222
-0.053857
-0.091484
0.137996
0.143356
0.062760
0.094851
0.126426
0.077655
-0.206504
-0.308410
-0.381926
-0.136456
-0.061574
0.045983
0.097733
-0.172458
-0.308964
-0.492269
-0.572499
-0.142551
-0.225742
0.186444
0.002830
-0.293802
-0.267921
-0.447946
-0.465652
-0.063311
0.133230
0.367647
0.513993
0.172904
-0.130592
0.038025
-0.106240
0.145240
0.078648
-0.035106
0.296800
0.323840
0.482474
-1.157296
-0.069664
0.509073
0.207737
0.466418
0.238503
-0.381424
-0.606584
-0.389946
-0.071811
0.044122
-0.023094
0.121145
0.146314
-0.237281
-0.335720
-0.252715
-0.084079
-0.169702
0.153520
-0.449258
-0.275669
0.132118
0.606175
-0.027370
-0.104870
-0.141138
-0.211271
-0.326761
-0.071849
0.011422
-0.088811
-0.054047
0.196813
0.185856
0.081013
-0.100968
0.029475
-0.040281
0.022114
0.120118
0.096946
0.127271
-0.028235
-0.045194
0.020200
-0.139261
-0.428945
-0.267234
-0.024272
-0.170621
0.014022
-0.145536
-0.220137
-0.311938
-0.142995
-0.053713
0.064160
-0.055297
-0.074005
-0.028037
-0.143075
-0.105022
-0.019657
-0.031505
-0.011915
0.010028
0.160867
0.178702
0.231553
0.097334
0.033456
-0.065898
-0.108412
-0.001943
0.060948
0.137548
0.334429
0.021218
0.162699
-0.010973
-0.010649
0.234134
0.215162
0.390946
0.325174
0.070415
-0.019944
-0.152442
-0.272389
-0.055664
0.028727
0.034543
0.061199
-0.094311
-0.036337
0.061301
-0.144599
-0.136701
-0.249276
0.813816
0.112951
-0.335186
-0.099589
-0.277178
-0.116968
0.319519
0.534141
0.302566
0.042658
-0.092309
-0.035945
-0.093865
-0.078662
0.187535
0.319303
0.202849
0.059403
0.210581
-0.208577
0.198242
0.058699
-0.087094
-0.249201
0.082999
0.084809
-0.106371
-0.403589
-0.798544
-0.137631
0.073666
-0.260103
-0.189575
0.397102
0.431104
0.157071
-0.414878
-0.063055
-0.216056
-0.034407
0.128873
0.163368
0.325591
0.047750
-0.076277
-0.002145
-0.509490
-1.203312
-0.817049
-0.256501
-0.389572
-0.042575
-0.588461
-0.703650
-0.932688
-0.379053
-0.171038
0.222916
-0.065827
-0.091364
0.001025
-0.374784
-0.299538
-0.107976
-0.151320
-0.170335
-0.061473
0.423109
0.534845
0.687442
0.288024
0.112831
-0.182416
-0.284316
0.154422
0.508364
0.768942
1.110161
0.236972
0.487389
-0.182291
0.003726
0.604635
0.545267
0.962486
0.941767
0.189824
-0.095838
-0.544315
-0.899045
-0.263673
0.170253
-0.021030
0.141997
-0.306894
-0.175710
0.076871
-0.515501
-0.565612
-0.882654
2.358079
0.211975
-1.017600
-0.351312
-0.925174
-0.443334
0.767769
1.279499
0.782840
0.094623
-0.202995
-0.064225
-0.264529
-0.279937
0.461656
0.710366
0.557426
0.229590
0.411626
-0.392802
0.883951
0.522857
-0.196131
-0.967370
0.202501
-0.095837
-0.145929
-0.262899
-0.443454
-0.099917
0.007668
-0.118618
-0.100969
0.207788
0.211153
0.122068
-0.142678
0.054831
-0.031013
0.025243
0.139634
0.123082
0.178808
-0.039175
-0.053405
0.026687
-0.204148
-0.618770
-0.402443
-0.053220
-0.206347
0.026784
-0.228895
-0.331239
-0.452541
-0.208626
-0.085048
0.088265
-0.085795
-0.104059
-0.042147
-0.208474
-0.136244
-0.020022
-0.035131
-0.013442
0.033624
0.246735
0.261724
0.335907
0.158964
0.063268
-0.115745
-0.168976
0.002507
0.144689
0.226773
0.495124
0.041434
0.210462
-0.011084
-0.004449
0.300000
0.271270
0.497797
0.458998
0.105815
-0.016432
-0.225794
-0.403625
-0.117589
0.019901
0.029789
0.044258
-0.132028
-0.073190
0.055202
-0.165647
-0.213597
-0.359352
1.220928
0.174424
-0.476996
-0.147948
-0.443001
-0.219216
0.396800
0.673618
0.399925
0.013771
-0.142542
-0.084846
-0.153819
-0.118688
0.240860
0.414761
0.275764
0.092188
0.269908
-0.288001
0.357344
0.141005
-0.122602
-0.358984
0.207182
-0.004673
-0.004824
-0.003497
-0.001223
-0.005418
-0.006626
-0.005768
-0.005367
-0.009013
-0.009230
-0.009404
-0.006356
-0.009125
-0.008207
-0.008184
-0.009496
-0.008895
-0.009607
-0.005859
-0.006358
-0.007692
-0.005035
0.001103
-0.001694
-0.006916
-0.004136
-0.007571
-0.004782
-0.002937
-0.001503
-0.004086
-0.005909
-0.007636
-0.005151
-0.005053
-0.005908
-0.004283
-0.005736
-0.007315
-0.007208
-0.007770
-0.008390
-0.010589
-0.010278
-0.011276
-0.009643
-0.008207
-0.005084
-0.004511
-0.006123
-0.008410
-0.008564
-0.013163
-0.007179
-0.009567
-0.008137
-0.007267
-0.010833
-0.010636
-0.013507
-0.013110
-0.009161
-0.008059
-0.005253
-0.002918
-0.005805
-0.006646
-0.008199
-0.007125
-0.005978
-0.006405
-0.007882
-0.006182
-0.004988
-0.003434
-0.023646
-0.009518
-0.001090
-0.005681
-0.001137
-0.003933
-0.012018
-0.015500
-0.012372
-0.006837
-0.005176
-0.005475
-0.005039
-0.006271
-0.010308
-0.012656
-0.010539
-0.008480
-0.010910
-0.002539
-0.011859
-0.008576
-0.005586
-0.003407
-0.010923
0.129887
0.175760
0.356227
0.606956
0.146267
0.010822
0.163357
0.181281
-0.221253
-0.251068
-0.200312
0.159887
-0.122615
-0.014610
-0.063671
-0.193866
-0.160522
-0.251525
0.078082
0.078683
-0.034003
0.278451
0.881475
0.588940
0.090340
0.314879
-0.012596
0.333949
0.489301
0.651525
0.329839
0.148077
-0.074555
0.165377
0.173960
0.089223
0.300664
0.181560
0.022814
0.043096
0.007498
-0.059432
-0.338541
-0.354116
-0.463957
-0.245981
-0.108513
0.181406
0.250523
0.015804
-0.219673
-0.292846
-0.704262
-0.051879
-0.271117
-0.016435
0.000080
-0.395931
-0.374556
-0.665426
-0.639689
-0.185289
-0.018809
0.296781
0.537408
0.203390
0.033479
-0.057514
-0.007316
0.154932
0.106947
-0.044194
0.198621
0.318350
0.471883
-1.738865
-0.235262
0.640011
0.182205
0.647073
0.360532
-0.515706
-0.877489
-0.566643
0.005559
0.172701
0.138722
0.232702
0.122340
-0.332262
-0.550865
-0.356766
-0.151857
-0.372082
0.414394
-0.580201
-0.249555
0.147997
0.486159
-0.329388
0.022820
0.053932
0.130223
0.224138
0.045690
-0.009967
0.059694
0.060896
-0.093776
-0.108782
-0.075717
0.071633
-0.034534
0.009155
-0.022930
-0.072183
-0.069999
-0.108028
-0.001778
0.009501
-0.026676
0.098298
0.310758
0.202408
0.027620
0.096914
-0.016080
0.128256
0.178459
0.241860
0.105089
0.038237
-0.055996
0.031250
0.035535
0.004702
0.095751
0.060434
0.003852
0.014048
0.006709
-0.017058
-0.134014
-0.151896
-0.193624
-0.098072
-0.048236
0.053451
0.080825
-0.018235
-0.096616
-0.139126
-0.272960
-0.026026
-0.100445
0.014935
-0.002519
-0.153668
-0.145533
-0.250243
-0.250011
-0.066984
0.008553
0.132340
0.218780
0.083642
-0.002082
-0.019194
-0.016227
0.053927
0.034618
-0.020587
0.080678
0.127817
0.187214
-0.673384
-0.085863
0.243715
0.072962
0.247376
0.135536
-0.202763
-0.333894
-0.222266
-0.006622
0.052253
0.039274
0.085385
0.046974
-0.132161
-0.209226
-0.131872
-0.050497
-0.135106
0.147465
-0.223936
-0.096780
0.067243
0.223745
-0.104284
-0.023091
-0.019609
-0.035299
-0.061434
-0.012256
0.002307
-0.007577
-0.011949
0.032037
0.034561
0.036271
0.000333
0.032855
0.021740
0.022823
0.037578
0.030419
0.037869
-0.008048
-0.001539
0.016355
-0.013519
-0.086882
-0.051860
0.009182
-0.028560
0.015685
-0.015990
-0.039400
-0.057974
-0.028402
-0.005433
0.013775
-0.015814
-0.017182
-0.006590
-0.024275
-0.007360
0.010925
0.009641
0.016521
0.022383
0.047765
0.044903
0.057361
0.038196
0.021153
-0.014522
-0.021144
-0.004197
0.019178
0.020730
0.075184
0.005062
0.033963
0.018617
0.007865
0.050986
0.049454
0.083318
0.077177
0.031168
0.017868
-0.014980
-0.043875
-0.011037
-0.004256
0.017187
0.004818
-0.008277
-0.002827
0.012707
-0.008565
-0.020694
-0.034103
0.201488
0.040437
-0.054954
-0.005330
-0.058874
-0.026501
0.066992
0.108490
0.070381
0.002088
-0.019601
-0.015763
-0.021824
-0.005305
0.042636
0.070881
0.041998
0.017926
0.051543
-0.049348
0.055657
0.015299
-0.015254
-0.037845
0.046028
-0.051617
-0.058730
-0.114164
-0.194259
-0.047059
-0.002686
-0.044684
-0.053718
0.073811
0.084160
0.077277
-0.038254
0.056148
0.022212
0.033945
0.076136
0.065134
0.092469
-0.021958
-0.015254
0.026168
-0.071094
-0.271333
-0.174273
-0.007490
-0.090282
0.021680
-0.087411
-0.143938
-0.197290
-0.095877
-0.033628
0.034722
-0.047119
-0.050559
-0.021727
-0.086260
-0.043949
0.007313
0.001615
0.015225
0.035629
0.122080
0.123030
0.158729
0.091371
0.044201
-0.054942
-0.075576
-0.008215
0.063783
0.081183
0.219219
0.010440
0.083865
0.014880
0.005200
0.130191
0.123284
0.217733
0.211286
0.065371
0.015770
-0.085728
-0.166950
-0.060960
-0.014560
0.023797
0.002831
-0.044826
-0.029080
0.018361
-0.051456
-0.092550
-0.139135
0.579032
0.088908
-0.196115
-0.048507
-0.203820
-0.107301
0.172819
0.289351
0.186592
-0.006332
-0.062996
-0.051891
-0.077368
-0.037617
0.108749
0.184296
0.111477
0.041062
0.124287
-0.143206
0.173856
0.059638
-0.057197
-0.153675
0.113845
-0.013604
-0.009683
-0.017440
-0.031737
-0.003750
0.004401
0.000042
-0.002651
0.023174
0.024119
0.025910
0.006739
0.025241
0.018908
0.018795
0.027578
0.021987
0.025540
-0.003066
0.001904
0.013480
-0.002419
-0.046138
-0.025373
0.010879
-0.014272
0.013311
-0.002671
-0.017380
-0.028217
-0.013195
0.000517
0.010045
-0.007227
-0.008092
-0.001816
-0.010410
-0.000057
0.010804
0.010249
0.015015
0.017834
0.030899
0.028347
0.035598
0.025943
0.015989
-0.004719
-0.008482
-0.000744
0.011509
0.011165
0.045200
0.005415
0.023562
0.017406
0.008348
0.033647
0.033200
0.053285
0.047748
0.022943
0.016397
-0.001602
-0.018181
-0.000698
-0.000086
0.015377
0.006439
-0.000067
0.003109
0.011779
-0.000013
-0.005867
-0.012604
0.117348
0.028277
-0.025193
0.002668
-0.027591
-0.009672
0.043418
0.068015
0.044939
0.005385
-0.007701
-0.005503
-0.008363
0.002198
0.028848
0.045769
0.027782
0.014107
0.035228
-0.026145
0.032486
0.009199
-0.004716
-0.013842
0.030714
-0.009801
-0.008669
-0.020365
-0.039317
-0.005106
0.005103
-0.002424
-0.005546
0.024184
0.026278
0.027396
0.001363
0.024319
0.016669
0.017417
0.027354
0.023581
0.029344
-0.001042
0.002831
0.014234
-0.007552
-0.057540
-0.033801
0.008133
-0.015093
0.013845
-0.009899
-0.025283
-0.037858
-0.015878
-0.000390
0.014104
-0.006466
-0.007362
-0.000142
-0.013629
-0.002040
0.010481
0.009524
0.013768
0.018511
0.037194
0.035440
0.043954
0.029815
0.017927
-0.007207
-0.011731
0.001554
0.019408
0.021046
0.056882
0.007809
0.026662
0.014356
0.008887
0.038063
0.036486
0.059520
0.057145
0.023897
0.014162
-0.009369
-0.029615
-0.005599
0.001632
0.013838
0.006394
-0.003331
0.000361
0.011549
-0.002806
-0.012475
-0.023040
0.145670
0.030296
-0.037725
-0.002217
-0.040167
-0.016857
0.048425
0.076570
0.051048
0.003833
-0.010618
-0.007957
-0.012218
-0.001727
0.032267
0.051607
0.032922
0.015874
0.037546
-0.030039
0.044820
0.016836
-0.007443
-0.025753
0.036236
0.132838
0.146649
0.277323
0.468634
0.122974
0.022041
0.118382
0.143797
-0.155678
-0.178991
-0.169559
0.098155
-0.124245
-0.046145
-0.066167
-0.164124
-0.132288
-0.197445
0.079331
0.060940
-0.037011
0.191052
0.672015
0.442697
0.042808
0.238335
-0.027289
0.226977
0.361687
0.486038
0.253397
0.106478
-0.051880
0.139578
0.144710
0.077303
0.225378
0.120255
-0.003511
0.008973
-0.025574
-0.076310
-0.275905
-0.274259
-0.358994
-0.207010
-0.095207
0.143741
0.191720
0.029224
-0.146772
-0.181108
-0.516442
-0.020759
-0.195891
-0.034409
-0.002339
-0.295752
-0.278802
-0.505337
-0.485819
-0.146073
-0.034591
0.203818
0.399724
0.154307
0.049446
-0.044260
0.011065
0.121142
0.083185
-0.031469
0.134974
0.230430
0.343699
-1.341393
-0.196203
0.479126
0.129340
0.494069
0.270109
-0.389206
-0.670934
-0.426437
0.025240
0.160340
0.133147
0.187684
0.095235
-0.246681
-0.425797
-0.265692
-0.103301
-0.289635
0.336230
-0.423214
-0.158625
0.120017
0.333759
-0.288940
-0.040384
-0.147220
-0.390847
-0.701609
-0.143071
0.024400
-0.205648
-0.204026
0.282730
0.325977
0.204803
-0.253825
0.070603
-0.062169
0.037470
0.182785
0.171736
0.298683
-0.026255
-0.073619
0.027225
-0.375522
-1.042408
-0.707064
-0.163705
-0.358480
-0.013272
-0.460396
-0.606095
-0.799526
-0.373669
-0.173253
0.124800
-0.142804
-0.154156
-0.062095
-0.348314
-0.240265
-0.063153
-0.095090
-0.077261
0.007331
0.378595
0.435109
0.566974
0.270472
0.117634
-0.194362
-0.282958
0.045972
0.347731
0.487843
0.903717
0.121807
0.352971
-0.050425
0.003673
0.485570
0.459586
0.795299
0.783070
0.210101
-0.023315
-0.414752
-0.690780
-0.255699
0.024402
0.045912
0.046303
-0.194507
-0.130891
0.050124
-0.302315
-0.431494
-0.635223
2.072539
0.235591
-0.802412
-0.251592
-0.795028
-0.445313
0.619248
1.040203
0.683163
0.028516
-0.164997
-0.117598
-0.266613
-0.166048
0.398425
0.626333
0.433651
0.195445
0.406266
-0.434340
0.755104
0.384977
-0.172795
-0.709082
0.304377
0.045761
0.110756
0.268198
0.467781
0.099812
-0.012185
0.132602
0.135201
-0.183740
-0.212462
-0.143116
0.158464
-0.059622
0.029093
-0.032875
-0.132651
-0.125295
-0.205323
0.015775
0.039733
-0.032622
0.228223
0.671853
0.448468
0.084179
0.221711
-0.010818
0.285239
0.387688
0.516519
0.237396
0.101432
-0.093063
0.087117
0.095103
0.032498
0.219663
0.144299
0.026029
0.046486
0.031042
-0.022028
-0.263488
-0.296965
-0.382989
-0.189050
-0.085991
0.125850
0.182067
-0.028126
-0.208797
-0.296119
-0.575187
-0.062656
-0.217250
0.029533
-0.002250
-0.314444
-0.296121
-0.517026
-0.512089
-0.135117
0.016019
0.271615
0.454379
0.171428
-0.005966
-0.031504
-0.027319
0.125123
0.081599
-0.036973
0.181911
0.272838
0.406323
-1.374287
-0.167338
0.521540
0.162961
0.519908
0.288785
-0.406692
-0.684517
-0.446668
-0.007443
0.120485
0.087920
0.180078
0.109627
-0.262748
-0.421884
-0.278387
-0.110725
-0.272238
0.300102
-0.473283
-0.218095
0.127909
0.449840
-0.222167
0.061976
0.070839
0.137361
0.232573
0.057385
0.004804
0.055209
0.066179
-0.085654
-0.098275
-0.090058
0.047360
-0.064663
-0.024372
-0.038522
-0.088410
-0.075071
-0.107976
0.027773
0.020290
-0.028552
0.087313
0.325439
0.210224
0.012236
0.110114
-0.022617
0.107301
0.174123
0.237556
0.116902
0.042893
-0.038520
0.058229
0.061985
0.027899
0.104725
0.054538
-0.006478
0.000406
-0.015621
-0.039891
-0.142840
-0.144533
-0.187146
-0.107139
-0.051190
0.066776
0.091390
0.010367
-0.075186
-0.096106
-0.260327
-0.011594
-0.098682
-0.015742
-0.004439
-0.153152
-0.145173
-0.257522
-0.249733
-0.076366
-0.017064
0.103855
0.200348
0.074759
0.018980
-0.026634
-0.001693
0.054943
0.036276
-0.020109
0.063855
0.112682
0.167976
-0.685523
-0.103085
0.235344
0.060060
0.244434
0.130234
-0.203376
-0.342265
-0.220466
0.008551
0.075526
0.062386
0.093020
0.045716
-0.128073
-0.217248
-0.131333
-0.048237
-0.146338
0.170553
-0.207520
-0.071918
0.067987
0.183127
-0.134588
-0.037771
-0.040331
-0.078334
-0.133644
-0.030933
0.000055
-0.027859
-0.034659
0.055176
0.062389
0.058983
-0.020807
0.045249
0.021662
0.029448
0.058806
0.049844
0.068365
-0.014352
-0.008211
0.022465
-0.044172
-0.186183
-0.117205
0.000626
-0.061960
0.019215
-0.054780
-0.096095
-0.133972
-0.064782
-0.020168
0.025929
-0.031822
-0.034233
-0.013803
-0.057075
-0.026899
0.009015
0.005141
0.015397
0.028782
0.087785
0.087914
0.113276
0.067439
0.034049
-0.035754
-0.050015
-0.005421
0.043621
0.054375
0.153561
0.007863
0.060679
0.015018
0.006250
0.094183
0.090032
0.156726
0.150560
0.049860
0.016157
-0.054402
-0.111839
-0.039213
-0.010303
0.020259
0.003837
-0.028257
-0.017072
0.015286
-0.033899
-0.061281
-0.092136
0.407088
0.066215
-0.131321
-0.029056
-0.138139
-0.070695
0.125071
0.207421
0.134248
-0.002333
-0.043200
-0.035456
-0.052750
-0.023203
0.078477
0.131938
0.078407
0.029262
0.090442
-0.100668
0.119233
0.038347
-0.039574
-0.104042
0.080211
0.009644
0.010249
0.025453
0.048325
0.007057
-0.005420
0.005202
0.008426
-0.027138
-0.030101
-0.029878
0.002494
-0.024748
-0.015401
-0.017637
-0.029299
-0.025973
-0.033506
0.000415
-0.002692
-0.015167
0.011895
0.069793
0.041940
-0.006491
0.018487
-0.014274
0.015867
0.032913
0.047980
0.019959
0.001911
-0.016729
0.007223
0.008230
-0.000147
0.017351
0.004558
-0.010016
-0.008590
-0.012851
-0.018661
-0.042412
-0.041706
-0.051881
-0.033565
-0.019725
0.009435
0.015011
-0.002739
-0.023975
-0.027593
-0.067755
-0.008809
-0.030028
-0.012332
-0.008697
-0.043553
-0.041550
-0.068460
-0.066875
-0.025881
-0.012836
0.015927
0.039702
0.009996
-0.001641
-0.013606
-0.006615
0.006071
0.001628
-0.011678
0.006863
0.018759
0.031879
-0.172882
-0.032944
0.048386
0.006004
0.051195
0.023144
-0.055713
-0.088762
-0.059302
-0.003481
0.013157
0.010018
0.016252
0.004450
-0.036868
-0.058997
-0.037554
-0.017260
-0.041833
0.035784
-0.054277
-0.021164
0.010795
0.036647
-0.039744
0.059271
0.053319
0.089572
0.149469
0.038972
0.006415
0.029387
0.039493
-0.057963
-0.063959
-0.068081
0.013784
-0.059611
-0.034933
-0.036923
-0.069975
-0.055144
-0.072590
0.028737
0.014969
-0.023549
0.044865
0.208621
0.131045
-0.005689
0.074429
-0.021994
0.051630
0.102841
0.143952
0.075888
0.025048
-0.019651
0.046584
0.049431
0.025897
0.067181
0.029055
-0.011909
-0.009025
-0.023781
-0.038157
-0.096376
-0.090006
-0.117654
-0.073925
-0.035675
0.045135
0.059895
0.019395
-0.035729
-0.039681
-0.159978
-0.001779
-0.065118
-0.028740
-0.006322
-0.101997
-0.097704
-0.173421
-0.161848
-0.057031
-0.026770
0.047725
0.112948
0.037821
0.019313
-0.025570
0.000889
0.031187
0.019126
-0.016810
0.030133
0.059294
0.091089
-0.442650
-0.078325
0.138680
0.026243
0.146751
0.073527
-0.136465
-0.229125
-0.144660
0.007664
0.055366
0.046629
0.059882
0.024636
-0.083546
-0.146519
-0.084628
-0.030473
-0.102772
0.119604
-0.119171
-0.028962
0.043768
0.096431
-0.095658
0.144429
0.183511
0.375536
0.645348
0.158932
0.017786
0.170282
0.199122
-0.222576
-0.256483
-0.222298
0.158139
-0.147069
-0.035308
-0.074849
-0.209468
-0.170470
-0.267557
0.096664
0.088004
-0.036201
0.292272
0.946811
0.633386
0.091330
0.337222
-0.016627
0.349843
0.522510
0.694382
0.358361
0.161829
-0.069766
0.188877
0.195131
0.103888
0.322466
0.186678
0.016333
0.036357
-0.005094
-0.078303
-0.368177
-0.377596
-0.495715
-0.272093
-0.122589
0.198066
0.269745
0.024846
-0.236287
-0.300967
-0.749278
-0.053092
-0.287483
-0.030466
-0.004536
-0.418139
-0.394546
-0.706080
-0.682541
-0.202059
-0.033770
0.303576
0.569581
0.220676
0.049017
-0.057066
0.006422
0.170807
0.119084
-0.042423
0.206518
0.338965
0.503074
-1.860890
-0.253475
0.685756
0.195352
0.699605
0.391812
-0.537606
-0.927928
-0.597560
0.019769
0.202616
0.166532
0.256248
0.134930
-0.346404
-0.583019
-0.379915
-0.162701
-0.394949
0.445518
-0.626920
-0.270804
0.152881
0.498583
-0.376434
-0.043326
-0.039934
-0.070608
-0.119630
-0.029220
-0.002371
-0.022435
-0.030269
0.049309
0.054658
0.056779
-0.011133
0.048618
0.028315
0.031175
0.057757
0.046724
0.061507
-0.019255
-0.009225
0.021416
-0.035186
-0.167305
-0.104267
0.005827
-0.057658
0.019804
-0.041586
-0.082411
-0.116105
-0.059121
-0.017881
0.019586
-0.033994
-0.036267
-0.017270
-0.051977
-0.021817
0.011193
0.008578
0.019950
0.031656
0.080334
0.076374
0.099022
0.062155
0.031166
-0.034034
-0.046140
-0.011716
0.033038
0.037580
0.133384
0.004126
0.054679
0.022537
0.006900
0.084957
0.081437
0.142633
0.134289
0.047717
0.021816
-0.039583
-0.092567
-0.030482
-0.013026
0.021503
0.001528
-0.023945
-0.014075
0.014947
-0.024657
-0.048583
-0.074659
0.363854
0.064523
-0.112171
-0.020656
-0.119120
-0.059049
0.113087
0.188107
0.120033
-0.004097
-0.042581
-0.035542
-0.047382
-0.018981
0.069893
0.120477
0.070250
0.026086
0.084409
-0.094722
0.100315
0.026818
-0.034821
-0.081261
0.077608
-0.001762
-0.002879
-0.000064
0.005262
-0.004679
-0.007547
-0.005982
-0.004925
-0.013786
-0.014153
-0.014964
-0.007999
-0.014716
-0.012519
-0.012214
-0.015342
-0.013566
-0.014977
-0.005097
-0.006803
-0.010586
-0.004647
0.010733
0.003642
-0.009345
-0.001336
-0.010534
-0.004464
0.000523
0.004137
-0.001475
-0.006133
-0.009789
-0.003600
-0.003309
-0.005495
-0.002128
-0.005898
-0.009783
-0.009605
-0.011223
-0.012515
-0.017334
-0.016256
-0.018732
-0.015211
-0.011629
-0.003988
-0.002674
-0.005773
-0.010910
-0.010784
-0.022609
-0.008376
-0.014581
-0.012213
-0.009212
-0.017904
-0.017548
-0.024611
-0.023140
-0.014069
-0.011779
-0.005247
0.000622
-0.005900
-0.006716
-0.011524
-0.008425
-0.006014
-0.007064
-0.010437
-0.006696
-0.004120
-0.001094
-0.048452
-0.015700
0.004112
-0.006394
0.004556
-0.002036
-0.020995
-0.029559
-0.021602
-0.007781
-0.003424
-0.004186
-0.003346
-0.006731
-0.016298
-0.022303
-0.016497
-0.011535
-0.018316
0.002992
-0.018691
-0.010523
-0.004725
-0.000997
-0.017894
-0.091714
-0.089172
-0.154685
-0.257134
-0.069151
-0.013809
-0.058414
-0.074071
0.090314
0.101685
0.103590
-0.038495
0.084686
0.042499
0.049367
0.104699
0.083099
0.115089
-0.047651
-0.029922
0.030310
-0.089228
-0.360059
-0.231411
-0.005569
-0.128986
0.026336
-0.104626
-0.185751
-0.254739
-0.134122
-0.050351
0.030081
-0.078963
-0.083090
-0.044516
-0.119295
-0.057871
0.010646
0.004905
0.027209
0.052856
0.156025
0.149513
0.195996
0.117980
0.054728
-0.079517
-0.104991
-0.027971
0.065402
0.077362
0.272337
0.003327
0.105681
0.033411
0.004137
0.165430
0.157366
0.283548
0.267986
0.086935
0.031303
-0.096552
-0.205068
-0.074879
-0.032434
0.033627
-0.005024
-0.059802
-0.039523
0.021991
-0.061543
-0.112657
-0.169391
0.740889
0.120138
-0.247869
-0.057666
-0.259569
-0.136264
0.221519
0.376633
0.237797
-0.015502
-0.092685
-0.078090
-0.103776
-0.047795
0.136749
0.239686
0.141257
0.050562
0.165230
-0.197483
0.210578
0.060676
-0.074129
-0.174461
0.157871
-0.026977
-0.022040
-0.037506
-0.064389
-0.013665
0.001246
-0.007937
-0.012784
0.032842
0.035157
0.037935
0.001550
0.035335
0.023960
0.024249
0.039681
0.031423
0.038700
-0.010513
-0.002783
0.016559
-0.013657
-0.090928
-0.054254
0.010077
-0.030995
0.016122
-0.015489
-0.040629
-0.059912
-0.030474
-0.006333
0.012664
-0.018353
-0.019800
-0.008672
-0.026030
-0.007831
0.011364
0.010206
0.017864
0.023788
0.049113
0.045294
0.058236
0.039354
0.021452
-0.016046
-0.022793
-0.006467
0.017622
0.018147
0.076403
0.003944
0.034801
0.020855
0.007775
0.052535
0.051071
0.086614
0.079294
0.032513
0.019636
-0.013952
-0.044187
-0.010914
-0.005952
0.018155
0.004074
-0.008783
-0.003148
0.012959
-0.008329
-0.020548
-0.033927
0.207724
0.042535
-0.056065
-0.004888
-0.060370
-0.027030
0.069325
0.112787
0.072529
0.001364
-0.021530
-0.017527
-0.023097
-0.005448
0.043722
0.073599
0.043002
0.018052
0.053877
-0.052791
0.055419
0.013381
-0.016201
-0.036838
0.048389
0.008032
0.004366
0.008407
0.016710
-0.000753
-0.005743
-0.003731
-0.002046
-0.018874
-0.019127
-0.020467
-0.009487
-0.020814
-0.016810
-0.016514
-0.022306
-0.017679
-0.019415
-0.000083
-0.003868
-0.011987
-0.002904
0.025436
0.011989
-0.011342
0.006958
-0.011836
-0.003442
0.006558
0.013507
0.005436
-0.003508
-0.008432
0.002429
0.003023
-0.001014
0.003299
-0.003439
-0.010475
-0.010212
-0.013726
-0.014991
-0.022177
-0.020188
-0.024822
-0.019606
-0.013357
-0.000504
0.001893
-0.001598
-0.008118
-0.007279
-0.030519
-0.005919
-0.018423
-0.016140
-0.008554
-0.024999
-0.025123
-0.038169
-0.033059
-0.018690
-0.015169
-0.004536
0.005651
-0.004270
-0.002419
-0.014402
-0.007611
-0.004142
-0.006189
-0.011396
-0.003851
-0.001188
0.002303
-0.074812
-0.021664
0.010580
-0.006367
0.012005
0.001411
-0.031604
-0.047614
-0.032311
-0.007456
0.001157
-0.000203
0.001389
-0.006033
-0.022079
-0.033003
-0.020672
-0.012329
-0.026828
0.013969
-0.021431
-0.006868
-0.000741
0.002608
-0.022295
0.241547
0.367821
0.716501
1.294519
0.297485
0.003023
0.361144
0.324343
-0.569596
-0.583519
-0.339256
0.421582
-0.149514
0.077766
-0.054445
-0.356907
-0.283097
-0.466030
0.203285
0.242346
0.021243
0.705098
1.961735
1.328407
0.281972
0.719753
0.033724
0.748855
1.048575
1.395207
0.704192
0.349641
-0.141483
0.369208
0.417777
0.243106
0.702627
0.470484
0.127960
0.165492
0.112844
-0.054259
-0.659939
-0.686631
-0.913837
-0.427413
-0.148940
0.384001
0.554618
0.053512
-0.518792
-0.770920
-1.575298
-0.236370
-0.740896
-0.035472
-0.024373
-0.930747
-0.842424
-1.546722
-1.401515
-0.368621
-0.062125
0.572562
1.141860
0.282717
-0.102445
-0.099956
-0.142140
0.433802
0.240896
-0.173792
0.557492
0.650408
1.108246
-3.556920
-0.456758
1.487228
0.479720
1.364217
0.656430
-1.144203
-2.017614
-1.196298
-0.080580
0.512371
0.240820
0.440915
0.441979
-0.705757
-1.159270
-0.929932
-0.463779
-0.777219
0.736799
-1.263482
-0.696027
0.210527
1.058102
-0.553257
0.097156
-0.000716
-0.109225
-0.155015
-0.002479
0.048243
-0.073904
-0.060503
0.071901
0.117631
0.027347
-0.119632
-0.062694
-0.111742
-0.014113
0.010513
0.032649
0.093840
0.115733
0.034293
0.011368
-0.114928
-0.185235
-0.142705
-0.106255
-0.074362
-0.058313
-0.217533
-0.194672
-0.240669
-0.083159
-0.050561
0.058440
0.038234
0.044061
0.055787
-0.059356
-0.089181
-0.061539
-0.085045
-0.111279
-0.106158
0.030397
0.122646
0.155321
0.031851
0.026595
-0.005693
-0.044977
0.089442
0.112145
0.189535
0.261600
0.020627
0.017836
-0.108890
-0.051173
0.092946
0.147797
0.129231
0.171608
0.072060
-0.109184
-0.253569
-0.182596
-0.162467
-0.008756
0.081160
0.020298
0.091808
0.003400
-0.040430
-0.027651
-0.165898
-0.083061
0.554901
0.001555
-0.105663
0.007653
-0.178741
-0.213014
0.179067
0.154930
0.272919
0.111068
0.301110
0.141708
-0.013848
0.174254
0.194747
0.154215
0.053185
0.115227
0.107995
-0.093250
0.329094
0.207200
-0.045434
-0.409916
-0.102282
-0.018005
0.001407
-0.030334
-0.061542
-0.032676
0.005156
0.016035
0.004555
0.018382
0.031952
0.072953
-0.020457
0.027328
0.037080
0.058337
0.065722
0.090063
0.090019
0.029528
0.044910
0.067710
0.063651
0.018110
0.061015
0.096285
-0.021501
0.020638
-0.037661
-0.099806
-0.145030
-0.071691
-0.001187
0.015425
-0.020931
-0.003638
0.025357
0.011541
0.031142
0.033462
0.037417
0.024485
0.005663
0.009734
0.021454
0.034493
-0.001154
-0.036052
-0.088181
-0.079059
-0.122177
-0.036185
-0.068006
-0.085944
-0.103834
-0.096242
-0.068363
-0.026832
-0.012891
-0.024786
0.000095
0.041621
-0.085991
-0.098722
-0.132628
-0.258763
-0.196606
-0.164923
-0.170262
-0.116788
-0.184186
-0.143351
-0.123644
-0.156102
-0.184113
-0.113722
0.210434
0.023437
-0.066654
-0.021352
-0.077612
-0.003757
-0.005537
0.038146
-0.027389
-0.180235
-0.280079
-0.208720
-0.191548
-0.211492
-0.133752
-0.079713
-0.212370
-0.275135
-0.183860
-0.284143
-0.278004
-0.400986
-0.316188
-0.225497
-0.255898
-0.023298
-0.145310
-0.335349
-0.617647
-0.106684
0.054963
-0.177147
-0.116908
0.340769
0.338608
0.129532
-0.276488
-0.006325
-0.126785
-0.005234
0.149199
0.160859
0.252882
0.007869
-0.060237
0.022486
-0.342288
-0.888230
-0.573298
-0.113801
-0.245100
0.050693
-0.355410
-0.464365
-0.641677
-0.243944
-0.087240
0.206968
-0.031417
-0.070700
0.008028
-0.272441
-0.198447
-0.033371
-0.060279
-0.066800
0.008844
0.356184
0.415370
0.527883
0.231194
0.091859
-0.118297
-0.201680
0.093675
0.287838
0.465148
0.736953
0.115608
0.345546
-0.124815
-0.015149
0.431188
0.365562
0.729141
0.651508
0.076931
-0.087689
-0.393046
-0.689562
-0.174341
0.097896
-0.065283
0.103056
-0.282355
-0.166597
0.077543
-0.358134
-0.382185
-0.629483
1.733326
0.220474
-0.732961
-0.270226
-0.654506
-0.259197
0.612129
1.026681
0.590955
0.069671
-0.461236
-0.055951
-0.188998
-0.473119
0.358180
0.584162
0.413590
0.144783
0.347835
-0.344599
0.533650
0.254711
-0.185701
-0.578626
0.250606
-0.090867
-0.102956
-0.155217
-0.245732
-0.057622
0.000613
-0.056003
-0.049885
0.123232
0.122204
0.084326
-0.049613
0.060639
0.011035
0.033914
0.103981
0.082789
0.105811
-0.034129
-0.029107
0.027574
-0.088525
-0.330242
-0.207146
-0.002563
-0.115231
0.030915
-0.096606
-0.164847
-0.232265
-0.113635
-0.042020
0.041255
-0.059753
-0.071082
-0.033125
-0.113774
-0.067574
-0.000375
-0.006965
0.014091
0.035366
0.139931
0.138450
0.178080
0.089835
0.038308
-0.064046
-0.095386
-0.020668
0.046258
0.076035
0.248141
0.002715
0.108849
0.018118
-0.004684
0.163997
0.151456
0.279704
0.246727
0.066844
0.007946
-0.099581
-0.195190
-0.051778
-0.004331
0.031912
0.021955
-0.058001
-0.030178
0.037399
-0.065198
-0.094854
-0.166034
0.666028
0.109972
-0.241168
-0.063658
-0.228055
-0.113885
0.222987
0.376677
0.224617
0.005496
-0.090481
-0.057420
-0.087950
-0.058828
0.135012
0.239734
0.144027
0.046240
0.164265
-0.181179
0.167897
0.043149
-0.075566
-0.171418
0.124182
0.025781
0.036907
0.043158
0.064552
0.036799
0.013939
0.027798
0.008915
-0.014404
-0.004204
0.020447
0.067837
0.045375
0.051140
0.032498
0.010406
-0.007162
0.000161
0.013117
0.018346
0.007973
0.021372
0.035734
0.009414
-0.009317
0.019089
0.002998
0.045221
0.061281
0.084154
0.039881
0.021262
-0.002755
0.016307
0.018771
0.004631
0.029229
0.029233
0.024718
0.023978
0.029781
0.032840
0.015218
0.011220
0.008509
0.043526
0.056924
0.059466
0.060603
0.062784
0.036104
0.022351
0.063418
0.058371
0.043257
0.088827
0.041495
0.025908
0.053387
0.008814
0.009245
0.098502
0.093743
0.092786
0.175856
0.088836
0.054120
0.142457
0.050115
0.156656
0.102855
0.057135
0.138709
0.108935
0.138652
-0.035315
0.018487
0.108193
0.091401
0.076316
0.014323
0.031286
-0.024695
0.070803
0.113349
0.231906
0.139188
0.121578
0.202955
0.109443
0.061579
0.100291
0.170885
0.117795
0.134324
0.187680
0.211732
0.179534
0.124658
0.121928
0.329328
0.201158
0.310390
0.508669
0.196886
0.127589
0.092080
0.226466
-0.018090
-0.070830
-0.289728
-0.075384
-0.339878
-0.298221
-0.174810
-0.244555
-0.136315
-0.196969
0.261431
0.133265
-0.030165
0.120325
0.755364
0.498132
-0.035321
0.295766
-0.054541
0.154076
0.383712
0.505886
0.373350
0.185854
0.109666
0.324670
0.294798
0.214422
0.269679
0.063862
-0.080059
-0.084619
-0.161219
-0.210146
-0.296961
-0.228836
-0.331808
-0.291261
-0.146079
0.228318
0.256743
0.183915
-0.043034
0.085076
-0.464458
0.073430
-0.145355
-0.236330
-0.017197
-0.271466
-0.287317
-0.502553
-0.504676
-0.261410
-0.216063
0.041135
0.285215
0.210808
0.265069
-0.109681
0.175365
0.091208
0.088883
0.011328
-0.019744
0.162897
0.185696
-1.487655
-0.275041
0.415073
0.030047
0.526820
0.347901
-0.326334
-0.638816
-0.456268
0.118837
0.148096
0.257937
0.234037
-0.053988
-0.243150
-0.449944
-0.248280
-0.120675
-0.326785
0.470009
-0.456261
-0.093599
0.096235
0.130743
-0.520543
0.020047
0.150132
0.355494
0.663745
0.122610
-0.051854
0.193338
0.130731
-0.354524
-0.358685
-0.144799
0.297604
0.004834
0.136178
0.009348
-0.154869
-0.162839
-0.268051
-0.001205
0.072249
-0.015507
0.375283
0.966006
0.638583
0.146592
0.299460
-0.014658
0.414077
0.530068
0.719669
0.297355
0.124896
-0.180910
0.070424
0.101795
0.017927
0.310453
0.230418
0.061286
0.090794
0.086779
0.003147
-0.368229
-0.426354
-0.542784
-0.232637
-0.087572
0.156007
0.238171
-0.085384
-0.334581
-0.518638
-0.827196
-0.145096
-0.380643
0.111374
-0.000245
-0.478653
-0.417792
-0.791748
-0.730964
-0.129821
0.062715
0.400857
0.706581
0.178128
-0.118101
0.023337
-0.117335
0.255878
0.144337
-0.090325
0.366546
0.402011
0.662851
-1.875452
-0.208788
0.796249
0.284529
0.725641
0.328157
-0.626622
-1.059405
-0.617476
-0.055874
0.310058
0.078413
0.215747
0.322288
-0.376011
-0.617535
-0.446160
-0.162544
-0.373218
0.371620
-0.605480
-0.308728
0.198250
0.674485
-0.249977
-0.003399
-0.081366
-0.158234
-0.191013
-0.023586
0.091559
-0.007709
0.056408
0.216634
0.224617
0.102070
-0.121609
-0.032414
-0.079621
0.069063
0.163861
0.211894
0.210900
0.177102
0.112735
0.145039
0.087006
0.041504
0.146342
0.182984
0.019117
0.095843
-0.113663
-0.170620
-0.282913
-0.059963
0.037647
0.149566
0.106851
0.119121
0.183665
0.060428
0.029979
0.061326
0.051764
0.014077
-0.038866
0.048091
0.148938
0.172578
-0.016573
-0.041074
-0.036289
-0.076940
-0.071720
-0.111896
-0.013263
-0.078014
-0.167527
-0.118631
-0.182833
-0.074114
0.076240
0.061459
0.135147
0.156006
-0.150452
-0.273192
-0.347984
-0.522003
-0.344981
-0.188961
-0.243336
-0.058750
-0.285679
-0.189703
-0.113016
-0.253397
-0.288618
-0.172676
0.534359
0.066640
-0.161282
-0.071431
-0.127546
-0.005165
0.150373
0.288155
0.150001
-0.129517
-0.340381
-0.179371
-0.262855
-0.312086
-0.046340
0.040915
-0.204323
-0.342982
-0.193559
-0.406507
-0.351332
-0.546479
-0.488905
-0.528245
-0.508131
-0.051611
-0.058786
-0.114121
-0.194212
-0.047041
-0.002644
-0.044691
-0.053566
0.073994
0.084217
0.077091
-0.038411
0.055932
0.021981
0.033783
0.076048
0.065088
0.092351
-0.021968
-0.015309
0.026105
-0.071141
-0.271235
-0.174168
-0.007464
-0.090215
0.021712
-0.087327
-0.143804
-0.197152
-0.095739
-0.033545
0.034827
-0.046998
-0.050491
-0.021662
-0.086215
-0.043967
0.007289
0.001599
0.015202
0.035611
0.122076
0.122998
0.158659
0.091251
0.044094
-0.054867
-0.075487
-0.008146
0.063728
0.081184
0.219083
0.010431
0.083876
0.014792
0.005143
0.130197
0.123216
0.217687
0.211141
0.065174
0.015578
-0.085799
-0.166992
-0.060847
-0.014434
0.023708
0.002913
-0.044906
-0.029113
0.018385
-0.051507
-0.092448
-0.139096
0.578703
0.088909
-0.196057
-0.048489
-0.203624
-0.107068
0.172923
0.289419
0.186512
-0.006220
-0.062917
-0.051770
-0.077228
-0.037632
0.108752
0.184373
0.111593
0.041080
0.124312
-0.143110
0.173585
0.059545
-0.057161
-0.153550
0.113735
-0.013604
-0.009683
-0.017439
-0.031736
-0.003750
0.004401
0.000043
-0.002649
0.023175
0.024120
0.025909
0.006739
0.025241
0.018906
0.018794
0.027577
0.021987
0.025539
-0.003066
0.001903
0.013480
-0.002419
-0.046138
-0.025372
0.010879
-0.014272
0.013311
-0.002671
-0.017380
-0.028216
-0.013195
0.000517
0.010045
-0.007227
-0.008091
-0.001816
-0.010410
-0.000057
0.010804
0.010249
0.015015
0.017834
0.030899
0.028346
0.035598
0.025943
0.015989
-0.004719
-0.008482
-0.000743
0.011509
0.011165
0.045199
0.005415
0.023563
0.017407
0.008347
0.033647
0.033200
0.053285
0.047747
0.022943
0.016397
-0.001601
-0.018181
-0.000699
-0.000085
0.015376
0.006439
-0.000067
0.003109
0.011778
-0.000014
-0.005867
-0.012604
0.117346
0.028277
-0.025193
0.002668
-0.027591
-0.009672
0.043420
0.068016
0.044937
0.005384
-0.007699
-0.005503
-0.008362
0.002198
0.028846
0.045769
0.027782
0.014107
0.035228
-0.026145
0.032485
0.009200
-0.004715
-0.013842
0.030713
-0.009802
-0.008671
-0.020361
-0.039311
-0.005106
0.005104
-0.002423
-0.005540
0.024188
0.026278
0.027389
0.001359
0.024313
0.016663
0.017411
0.027350
0.023578
0.029339
-0.001044
0.002829
0.014232
-0.007551
-0.057532
-0.033795
0.008134
-0.015090
0.013846
-0.009893
-0.025274
-0.037848
-0.015872
-0.000386
0.014106
-0.006463
-0.007360
-0.000141
-0.013625
-0.002039
0.010481
0.009524
0.013768
0.018511
0.037190
0.035435
0.043948
0.029808
0.017922
-0.007203
-0.011728
0.001555
0.019405
0.021042
0.056872
0.007809
0.026661
0.014356
0.008885
0.038061
0.036482
0.059514
0.057137
0.023891
0.014157
-0.009368
-0.029610
-0.005595
0.001634
0.013835
0.006394
-0.003331
0.000361
0.011549
-0.002805
-0.012469
-0.023032
0.145648
0.030295
-0.037718
-0.002214
-0.040156
-0.016848
0.048423
0.076566
0.051042
0.003838
-0.010612
-0.007953
-0.012212
-0.001725
0.032264
0.051606
0.032923
0.015875
0.037545
-0.030035
0.044806
0.016830
-0.007440
-0.025743
0.036232
0.132484
0.147421
0.277767
0.469736
0.122963
0.021376
0.118997
0.142689
-0.158279
-0.180411
-0.167918
0.100629
-0.121829
-0.043218
-0.064391
-0.163356
-0.132061
-0.196864
0.079240
0.061633
-0.036296
0.192771
0.673578
0.443499
0.043391
0.238559
-0.027364
0.227583
0.361927
0.486637
0.252835
0.106059
-0.053422
0.138452
0.144146
0.076582
0.225700
0.121024
-0.003174
0.009305
-0.025111
-0.076138
-0.277005
-0.275406
-0.360043
-0.206688
-0.094691
0.143057
0.191121
0.027846
-0.147198
-0.182230
-0.516972
-0.020552
-0.196308
-0.032487
-0.001049
-0.296596
-0.278717
-0.506013
-0.485808
-0.143962
-0.031680
0.206394
0.402418
0.154384
0.048377
-0.043126
0.010547
0.122213
0.084386
-0.031098
0.136368
0.231262
0.345038
-1.343125
-0.196584
0.480157
0.129177
0.493886
0.268886
-0.392087
-0.673512
-0.427422
0.023656
0.158706
0.131611
0.186452
0.094981
-0.248069
-0.428430
-0.267821
-0.104373
-0.291311
0.336169
-0.423113
-0.159522
0.119682
0.334001
-0.288593
-0.032400
-0.148782
-0.390451
-0.711684
-0.141820
0.032189
-0.209641
-0.191508
0.309285
0.342213
0.192354
-0.276409
0.049034
-0.086856
0.022961
0.175816
0.169973
0.295340
-0.024608
-0.080335
0.019516
-0.393588
-1.061386
-0.718063
-0.171573
-0.362427
-0.014459
-0.468269
-0.610847
-0.808504
-0.370847
-0.171130
0.137824
-0.134348
-0.150873
-0.058194
-0.353847
-0.249406
-0.069115
-0.101013
-0.086009
0.002089
0.385807
0.443062
0.574398
0.265431
0.109338
-0.193739
-0.281593
0.056232
0.360625
0.506589
0.917410
0.126621
0.363817
-0.067035
-0.005273
0.499054
0.464754
0.809483
0.791279
0.196673
-0.043593
-0.434900
-0.715746
-0.253538
0.038716
0.037577
0.053595
-0.204025
-0.142450
0.045345
-0.320790
-0.442394
-0.650879
2.097698
0.236769
-0.816046
-0.249429
-0.797856
-0.435513
0.648603
1.067425
0.693997
0.042943
-0.149471
-0.103190
-0.255367
-0.164596
0.410374
0.648664
0.451529
0.203516
0.416277
-0.439091
0.753317
0.390978
-0.176635
-0.724367
0.294756
0.037705
0.119094
0.285294
0.500332
0.102690
-0.020632
0.146049
0.134101
-0.214850
-0.238606
-0.136892
0.189376
-0.038655
0.059165
-0.019414
-0.131401
-0.127948
-0.212313
0.009388
0.046200
-0.026077
0.258345
0.719311
0.481077
0.101913
0.238680
-0.003793
0.315701
0.416454
0.554866
0.249202
0.108628
-0.106660
0.082854
0.094944
0.029072
0.236681
0.164833
0.038583
0.061242
0.048627
-0.008745
-0.275226
-0.316208
-0.406247
-0.189021
-0.081357
0.129883
0.191002
-0.040585
-0.228274
-0.331883
-0.618805
-0.071439
-0.236470
0.048183
0.006571
-0.341022
-0.318720
-0.554054
-0.543659
-0.133001
0.037928
0.308502
0.495772
0.180745
-0.020548
-0.032114
-0.039306
0.132181
0.090177
-0.037878
0.203454
0.296035
0.436610
-1.460669
-0.173359
0.555705
0.169356
0.545817
0.299878
-0.451147
-0.738784
-0.484305
-0.027116
0.100661
0.069622
0.177491
0.108090
-0.291596
-0.460721
-0.307000
-0.128670
-0.295968
0.314068
-0.504578
-0.242612
0.133854
0.495683
-0.213299
0.061975
0.070880
0.137338
0.232547
0.057375
0.004778
0.055217
0.066083
-0.085771
-0.098309
-0.089934
0.047466
-0.064519
-0.024216
-0.038411
-0.088348
-0.075039
-0.107897
0.027783
0.020330
-0.028507
0.087351
0.325382
0.210164
0.012225
0.110075
-0.022635
0.107251
0.174041
0.237472
0.116816
0.042841
-0.038588
0.058152
0.061942
0.027858
0.104699
0.054550
-0.006464
0.000415
-0.015607
-0.039881
-0.142841
-0.144518
-0.187105
-0.107065
-0.051123
0.066725
0.091328
0.010318
-0.075148
-0.096092
-0.260233
-0.011575
-0.098671
-0.015673
-0.004386
-0.153147
-0.145122
-0.257478
-0.249630
-0.076227
-0.016922
0.103922
0.200385
0.074703
0.018914
-0.026576
-0.001732
0.054979
0.036310
-0.020109
0.063873
0.112626
0.167932
-0.685333
-0.103086
0.235292
0.060026
0.244309
0.130092
-0.203462
-0.342299
-0.220433
0.008463
0.075437
0.062289
0.092916
0.045697
-0.128091
-0.217316
-0.131406
-0.048270
-0.146375
0.170499
-0.207368
-0.071877
0.067960
0.183050
-0.134522
-0.037769
-0.040359
-0.078313
-0.133618
-0.030922
0.000077
-0.027860
-0.034587
0.055262
0.062415
0.058895
-0.020878
0.045147
0.021554
0.029370
0.058764
0.049821
0.068307
-0.014359
-0.008240
0.022433
-0.044192
-0.186131
-0.117152
0.000640
-0.061926
0.019230
-0.054738
-0.096028
-0.133902
-0.064715
-0.020129
0.025976
-0.031765
-0.034201
-0.013772
-0.057053
-0.026905
0.009003
0.005134
0.015387
0.028774
0.087779
0.087896
0.113239
0.067380
0.033997
-0.035718
-0.049973
-0.005390
0.043593
0.054360
0.153486
0.007849
0.060672
0.014972
0.006213
0.094179
0.089993
0.156689
0.150481
0.049761
0.016058
-0.054442
-0.111859
-0.039169
-0.010254
0.020217
0.003866
-0.028280
-0.017092
0.015288
-0.033905
-0.061234
-0.092097
0.406933
0.066209
-0.131281
-0.029033
-0.138049
-0.070593
0.125123
0.207436
0.134218
-0.002270
-0.043134
-0.035388
-0.052674
-0.023190
0.078484
0.131981
0.078457
0.029282
0.090461
-0.100631
0.119109
0.038309
-0.039558
-0.103986
0.080159
0.009644
0.010251
0.025449
0.048320
0.007056
-0.005422
0.005200
0.008420
-0.027141
-0.030101
-0.029872
0.002497
-0.024742
-0.015395
-0.017633
-0.029296
-0.025970
-0.033500
0.000417
-0.002690
-0.015165
0.011895
0.069784
0.041934
-0.006493
0.018483
-0.014276
0.015862
0.032906
0.047972
0.019954
0.001909
-0.016730
0.007220
0.008228
-0.000148
0.017349
0.004558
-0.010015
-0.008590
-0.012852
-0.018661
-0.042409
-0.041703
-0.051875
-0.033559
-0.019721
0.009432
0.015008
-0.002741
-0.023970
-0.027590
-0.067747
-0.008809
-0.030027
-0.012331
-0.008694
-0.043550
-0.041547
-0.068455
-0.066866
-0.025875
-0.012829
0.015929
0.039699
0.009992
-0.001645
-0.013604
-0.006615
0.006071
0.001628
-0.011678
0.006862
0.018753
0.031874
-0.172861
-0.032943
0.048378
0.006000
0.051184
0.023135
-0.055714
-0.088757
-0.059297
-0.003484
0.013152
0.010014
0.016246
0.004448
-0.036868
-0.058998
-0.037556
-0.017262
-0.041832
0.035780
-0.054264
-0.021160
0.010792
0.036639
-0.039740
0.059250
0.053391
0.089547
0.149454
0.038946
0.006349
0.029403
0.039320
-0.058208
-0.064062
-0.067883
0.013981
-0.059362
-0.034653
-0.036737
-0.069889
-0.055109
-0.072480
0.028731
0.015027
-0.023486
0.044939
0.208559
0.130958
-0.005710
0.074363
-0.022034
0.051568
0.102722
0.143840
0.075743
0.024957
-0.019794
0.046434
0.049341
0.025806
0.067140
0.029087
-0.011880
-0.009002
-0.023751
-0.038132
-0.096396
-0.090010
-0.117620
-0.073803
-0.035564
0.045048
0.059798
0.019296
-0.035692
-0.039689
-0.159855
-0.001742
-0.065115
-0.028596
-0.006218
-0.102020
-0.097633
-0.173380
-0.161712
-0.056785
-0.026493
0.047881
0.113077
0.037750
0.019190
-0.025460
0.000819
0.031259
0.019196
-0.016807
0.030186
0.059235
0.091062
-0.442424
-0.078310
0.138658
0.026218
0.146601
0.073328
-0.136640
-0.229228
-0.144631
0.007507
0.055208
0.046470
0.059721
0.024617
-0.083590
-0.146667
-0.084766
-0.030523
-0.102845
0.119552
-0.118931
-0.028906
0.043757
0.096374
-0.095542
0.143827
0.184442
0.375233
0.645930
0.158697
0.016709
0.170847
0.196492
-0.226817
-0.258340
-0.218918
0.162067
-0.142609
-0.030357
-0.071655
-0.207660
-0.169716
-0.265861
0.096762
0.089247
-0.034786
0.294748
0.947945
0.633656
0.092077
0.337101
-0.016830
0.349693
0.521612
0.693768
0.356636
0.160651
-0.072316
0.186854
0.194230
0.102916
0.322620
0.187648
0.016853
0.036733
-0.004396
-0.078078
-0.369517
-0.378606
-0.496270
-0.270957
-0.121193
0.196869
0.268357
0.022872
-0.236617
-0.302260
-0.748755
-0.052848
-0.287988
-0.027405
-0.002467
-0.418922
-0.393713
-0.706181
-0.681145
-0.198057
-0.029158
0.306846
0.572775
0.219616
0.046787
-0.054952
0.005339
0.172619
0.121044
-0.041620
0.208889
0.339500
0.504410
-1.860173
-0.254272
0.685743
0.194216
0.697280
0.387997
-0.541928
-0.931037
-0.597795
0.017231
0.200117
0.163719
0.253516
0.134630
-0.347984
-0.586525
-0.382992
-0.164095
-0.397128
0.444698
-0.624477
-0.270807
0.152301
0.497462
-0.375153
-0.043328
-0.039936
-0.070606
-0.119626
-0.029220
-0.002369
-0.022434
-0.030264
0.049315
0.054659
0.056771
-0.011137
0.048610
0.028308
0.031170
0.057753
0.046722
0.061501
-0.019256
-0.009227
0.021413
-0.035186
-0.167299
-0.104262
0.005828
-0.057656
0.019805
-0.041582
-0.082404
-0.116098
-0.059114
-0.017878
0.019589
-0.033989
-0.036266
-0.017269
-0.051974
-0.021817
0.011193
0.008577
0.019950
0.031656
0.080331
0.076371
0.099017
0.062150
0.031161
-0.034032
-0.046136
-0.011715
0.033034
0.037575
0.133376
0.004125
0.054677
0.022536
0.006897
0.084954
0.081434
0.142629
0.134281
0.047710
0.021811
-0.039582
-0.092565
-0.030478
-0.013023
0.021500
0.001528
-0.023946
-0.014075
0.014947
-0.024656
-0.048576
-0.074653
0.363837
0.064523
-0.112162
-0.020652
-0.119111
-0.059039
0.113088
0.188106
0.120029
-0.004094
-0.042577
-0.035535
-0.047376
-0.018978
0.069893
0.120478
0.070252
0.026089
0.084408
-0.094719
0.100303
0.026814
-0.034818
-0.081254
0.077604
-0.001762
-0.002876
-0.000069
0.005255
-0.004681
-0.007549
-0.005983
-0.004936
-0.013796
-0.014155
-0.014952
-0.007990
-0.014702
-0.012505
-0.012203
-0.015336
-0.013563
-0.014968
-0.005095
-0.006799
-0.010581
-0.004645
0.010722
0.003633
-0.009348
-0.001341
-0.010537
-0.004470
0.000512
0.004125
-0.001484
-0.006138
-0.009794
-0.003607
-0.003313
-0.005499
-0.002131
-0.005898
-0.009782
-0.009604
-0.011223
-0.012515
-0.017331
-0.016251
-0.018723
-0.015202
-0.011621
-0.003993
-0.002681
-0.005777
-0.010905
-0.010780
-0.022595
-0.008375
-0.014580
-0.012207
-0.009209
-0.017901
-0.017542
-0.024605
-0.023126
-0.014056
-0.011767
-0.005245
0.000622
-0.005908
-0.006722
-0.011519
-0.008429
-0.006011
-0.007062
-0.010437
-0.006696
-0.004129
-0.001103
-0.048424
-0.015698
0.004105
-0.006397
0.004542
-0.002052
-0.020999
-0.029557
-0.021595
-0.007789
-0.003432
-0.004194
-0.003356
-0.006732
-0.016296
-0.022306
-0.016501
-0.011535
-0.018316
0.002986
-0.018671
-0.010516
-0.004728
-0.001007
-0.017885
-0.091712
-0.089235
-0.154640
-0.257081
-0.069132
-0.013767
-0.058421
-0.073911
0.090499
0.101735
0.103386
-0.038660
0.084451
0.042251
0.049189
0.104598
0.083045
0.114956
-0.047667
-0.029983
0.030239
-0.089279
-0.359950
-0.231300
-0.005546
-0.128917
0.026366
-0.104534
-0.185604
-0.254584
-0.133973
-0.050260
0.030191
-0.078835
-0.083017
-0.044449
-0.119245
-0.057885
0.010624
0.004895
0.027191
0.052844
0.156024
0.149483
0.195923
0.117859
0.054620
-0.079431
-0.104887
-0.027893
0.065335
0.077330
0.272168
0.003287
0.105660
0.033301
0.004047
0.165416
0.157272
0.283458
0.267802
0.086704
0.031072
-0.096650
-0.205121
-0.074784
-0.032330
0.033531
-0.004966
-0.059860
-0.039575
0.021987
-0.061567
-0.112562
-0.169314
0.740549
0.120138
-0.247769
-0.057604
-0.259353
-0.136024
0.221649
0.376670
0.237729
-0.015363
-0.092539
-0.077937
-0.103608
-0.047763
0.136769
0.239787
0.141369
0.050608
0.165283
-0.197394
0.210313
0.060600
-0.074084
-0.174319
0.157765
-0.026978
-0.022041
-0.037503
-0.064383
-0.013662
0.001247
-0.007935
-0.012778
0.032847
0.035157
0.037929
0.001546
0.035327
0.023952
0.024243
0.039678
0.031421
0.038694
-0.010514
-0.002785
0.016557
-0.013656
-0.090920
-0.054248
0.010080
-0.030992
0.016123
-0.015482
-0.040623
-0.059903
-0.030468
-0.006331
0.012666
-0.018349
-0.019798
-0.008670
-0.026027
-0.007830
0.011363
0.010206
0.017864
0.023787
0.049110
0.045289
0.058230
0.039349
0.021447
-0.016044
-0.022790
-0.006467
0.017618
0.018144
0.076393
0.003942
0.034800
0.020853
0.007772
0.052533
0.051068
0.086607
0.079285
0.032505
0.019631
-0.013951
-0.044183
-0.010910
-0.005948
0.018152
0.004076
-0.008782
-0.003149
0.012958
-0.008326
-0.020541
-0.033921
0.207703
0.042534
-0.056056
-0.004883
-0.060358
-0.027020
0.069326
0.112783
0.072524
0.001366
-0.021524
-0.017520
-0.023090
-0.005445
0.043721
0.073597
0.043003
0.018054
0.053876
-0.052787
0.055406
0.013376
-0.016198
-0.036831
0.048384
0.008032
0.004367
0.008407
0.016711
-0.000754
-0.005743
-0.003731
-0.002047
-0.018874
-0.019128
-0.020467
-0.009487
-0.020813
-0.016809
-0.016514
-0.022307
-0.017679
-0.019415
-0.000082
-0.003868
-0.011987
-0.002903
0.025437
0.011990
-0.011341
0.006959
-0.011836
-0.003441
0.006558
0.013508
0.005437
-0.003507
-0.008433
0.002429
0.003023
-0.001015
0.003299
-0.003438
-0.010474
-0.010212
-0.013725
-0.014990
-0.022177
-0.020188
-0.024822
-0.019606
-0.013357
-0.000505
0.001892
-0.001599
-0.008117
-0.007280
-0.030519
-0.005919
-0.018423
-0.016140
-0.008554
-0.025000
-0.025124
-0.038169
-0.033060
-0.018689
-0.015169
-0.004536
0.005652
-0.004269
-0.002419
-0.014401
-0.007612
-0.004141
-0.006189
-0.011396
-0.003851
-0.001188
0.002303
-0.074814
-0.021664
0.010580
-0.006367
0.012005
0.001411
-0.031605
-0.047615
-0.032312
-0.007457
0.001156
-0.000203
0.001389
-0.006033
-0.022080
-0.033004
-0.020673
-0.012329
-0.026828
0.013969
-0.021432
-0.006868
-0.000741
0.002610
-0.022295
-0.078386
-0.191531
-0.518484
-0.948079
-0.197322
0.018792
-0.267131
-0.292060
0.361335
0.422624
0.308280
-0.298300
0.152013
-0.022272
0.075748
0.264772
0.225918
0.397120
-0.094949
-0.131665
0.021731
-0.512225
-1.465415
-1.002635
-0.225267
-0.528621
-0.032530
-0.619230
-0.839758
-1.099696
-0.549491
-0.270742
0.110851
-0.261283
-0.268237
-0.137550
-0.500927
-0.328652
-0.082004
-0.120368
-0.080930
0.040192
0.517695
0.569902
0.753965
0.378420
0.168105
-0.280841
-0.405336
0.017494
0.480029
0.625568
1.243988
0.166626
0.493129
-0.010491
0.016008
0.663486
0.629762
1.094019
1.072326
0.313113
0.019649
-0.515445
-0.911478
-0.350745
-0.012205
0.067279
0.017962
-0.269793
-0.194281
0.052181
-0.395156
-0.586834
-0.850134
2.836494
0.318901
-1.099644
-0.337009
-1.113670
-0.640599
0.819008
1.406138
0.933883
0.022263
-0.254625
-0.206666
-0.385523
-0.221045
0.529125
0.841749
0.606303
0.316820
0.565850
-0.600521
1.090809
0.594148
-0.191776
-0.918761
0.453668
0.151553
-0.005610
-0.183351
-0.372577
-0.035546
0.082741
-0.135699
-0.074241
0.222873
0.248130
0.049758
-0.271872
-0.107964
-0.195304
-0.051742
0.028923
0.084314
0.177912
0.122066
0.010282
0.015124
-0.261855
-0.533515
-0.359800
-0.146574
-0.140869
-0.022562
-0.341051
-0.355243
-0.472804
-0.145355
-0.054529
0.179202
0.060477
0.047545
0.085412
-0.143624
-0.147948
-0.066985
-0.098742
-0.130297
-0.081058
0.202973
0.303996
0.376626
0.131699
0.057110
-0.051147
-0.101876
0.167035
0.307632
0.478728
0.571756
0.131619
0.212638
-0.185533
-0.013815
0.291342
0.267783
0.435721
0.460564
0.064232
-0.142085
-0.381138
-0.512430
-0.186403
0.113985
-0.025513
0.092051
-0.123409
-0.083322
0.017947
-0.275141
-0.327815
-0.456763
1.177925
0.071275
-0.489679
-0.181990
-0.463213
-0.248045
0.392517
0.590942
0.405819
0.082668
0.009497
0.040038
-0.110841
-0.105633
0.251614
0.345943
0.248919
0.099873
0.180743
-0.169865
0.465807
0.286999
-0.128416
-0.610854
0.022364
0.108988
0.144796
0.214530
0.330102
0.075188
-0.007964
0.091667
0.057043
-0.193447
-0.182287
-0.078066
0.103687
-0.026587
0.042844
-0.018959
-0.117029
-0.093201
-0.123842
0.032157
0.049125
-0.015533
0.144155
0.433816
0.273137
0.029750
0.175941
-0.007961
0.151610
0.225719
0.316575
0.147899
0.058610
-0.059347
0.059734
0.077825
0.031652
0.146480
0.107502
0.021242
0.032700
0.013202
-0.009444
-0.160298
-0.177910
-0.230591
-0.097011
-0.032925
0.067239
0.109238
0.002924
-0.057332
-0.124078
-0.331004
-0.009962
-0.150468
0.012992
0.022462
-0.229390
-0.212457
-0.379654
-0.318707
-0.068116
0.029470
0.165098
0.273773
0.067908
-0.014359
-0.041889
-0.049222
0.078782
0.040886
-0.049245
0.127234
0.139792
0.229060
-0.831004
-0.112747
0.321010
0.079719
0.275742
0.124502
-0.329695
-0.523742
-0.316484
-0.053439
0.048868
0.019778
0.082697
0.044502
-0.202539
-0.331492
-0.204509
-0.076436
-0.223782
0.216789
-0.215966
-0.073000
0.081134
0.251147
-0.084749
-0.089345
0.101600
0.399217
0.790539
0.130365
-0.079542
0.253834
0.186619
-0.398687
-0.435053
-0.166163
0.405564
0.053984
0.208501
0.027992
-0.135648
-0.167557
-0.330358
-0.050950
0.072752
-0.000637
0.507056
1.201264
0.819873
0.260387
0.396265
0.049892
0.596690
0.711844
0.938421
0.386469
0.177936
-0.214246
0.074253
0.098222
0.004863
0.380598
0.305766
0.114953
0.158606
0.175652
0.066879
-0.417428
-0.528708
-0.679306
-0.279841
-0.106731
0.190320
0.291333
-0.142665
-0.511441
-0.744287
-1.110190
-0.218432
-0.464707
0.179254
0.014716
-0.596605
-0.546036
-0.940343
-0.931927
-0.195019
0.112247
0.567630
0.893768
0.288725
-0.140088
-0.000234
-0.116571
0.264715
0.181510
-0.043693
0.478577
0.575949
0.842801
-2.388912
-0.213020
0.982815
0.307621
0.920977
0.472130
-0.778567
-1.241507
-0.801475
-0.103559
0.112649
0.046456
0.258036
0.210376
-0.473648
-0.715694
-0.530344
-0.240588
-0.417591
0.437418
-0.900562
-0.527322
0.207020
0.990287
-0.181296
0.099552
0.149202
0.265815
0.446371
0.102848
-0.004579
0.121131
0.103682
-0.204639
-0.207611
-0.119117
0.145336
-0.051935
0.033627
-0.021953
-0.136298
-0.118986
-0.174938
0.043627
0.057834
-0.021640
0.209345
0.624037
0.408442
0.058761
0.211716
-0.020880
0.235080
0.337185
0.457671
0.214169
0.090449
-0.083035
0.090762
0.108418
0.046277
0.212270
0.138885
0.021458
0.036114
0.014529
-0.033213
-0.246219
-0.260967
-0.334976
-0.158667
-0.062873
0.116847
0.169658
-0.001595
-0.141158
-0.215217
-0.492505
-0.031890
-0.200049
0.012590
0.014606
-0.296322
-0.269134
-0.487895
-0.453312
-0.103835
0.024654
0.236783
0.404637
0.128455
-0.007109
-0.036330
-0.033401
0.118830
0.077464
-0.044268
0.150946
0.216707
0.342176
-1.235374
-0.175439
0.463724
0.129527
0.440150
0.224479
-0.405800
-0.664885
-0.412586
-0.023572
0.103931
0.069991
0.143411
0.088115
-0.254913
-0.426264
-0.278580
-0.108400
-0.282460
0.293891
-0.374306
-0.154998
0.114642
0.356743
-0.209461
0.004673
0.004824
0.003497
0.001223
0.005418
0.006626
0.005768
0.005367
0.009013
0.009230
0.009404
0.006356
0.009125
0.008207
0.008184
0.009496
0.008895
0.009607
0.005859
0.006358
0.007692
0.005035
-0.001103
0.001694
0.006916
0.004136
0.007571
0.004782
0.002937
0.001503
0.004086
0.005909
0.007636
0.005151
0.005053
0.005908
0.004283
0.005736
0.007315
0.007208
0.007770
0.008390
0.010589
0.010278
0.011276
0.009643
0.008207
0.005084
0.004511
0.006123
0.008410
0.008564
0.013163
0.007179
0.009567
0.008137
0.007267
0.010833
0.010636
0.013507
0.013110
0.009161
0.008059
0.005253
0.002918
0.005805
0.006646
0.008199
0.007125
0.005978
0.006405
0.007882
0.006182
0.004988
0.003434
0.023646
0.009518
0.001090
0.005681
0.001137
0.003933
0.012018
0.015500
0.012372
0.006837
0.005176
0.005475
0.005039
0.006271
0.010308
0.012656
0.010539
0.008480
0.010910
0.002539
0.011859
0.008576
0.005586
0.003407
0.010923
-0.129871
-0.175738
-0.356199
-0.606922
-0.146243
-0.010811
-0.163341
-0.181274
0.221240
0.251027
0.200281
-0.159897
0.122592
0.014590
0.063613
0.193789
0.160418
0.251424
-0.078196
-0.078807
0.033864
-0.278586
-0.881598
-0.589079
-0.090473
-0.314980
0.012477
-0.334098
-0.489438
-0.651635
-0.329978
-0.148229
0.074413
-0.165495
-0.174044
-0.089297
-0.300728
-0.181580
-0.022780
-0.043046
-0.007447
0.059504
0.338596
0.354169
0.464007
0.246044
0.108580
-0.181348
-0.250460
-0.015748
0.219659
0.292497
0.704103
0.051568
0.270779
0.016259
-0.000431
0.395762
0.374376
0.665050
0.639447
0.185108
0.018491
-0.297145
-0.537571
-0.203805
-0.033932
0.057499
0.006873
-0.154605
-0.107237
0.043748
-0.198280
-0.318622
-0.471485
1.739219
0.235216
-0.639584
-0.181618
-0.647035
-0.360731
0.515941
0.877110
0.566979
-0.005281
-0.171738
-0.138323
-0.232384
-0.121573
0.332657
0.551215
0.356741
0.152328
0.372454
-0.414611
0.580727
0.250041
-0.147798
-0.486001
0.329537
-0.022857
-0.053966
-0.130253
-0.224164
-0.045718
0.009937
-0.059720
-0.060923
0.093744
0.108744
0.075682
-0.071663
0.034500
-0.009187
0.022889
0.072140
0.069949
0.107979
0.001727
-0.009553
0.026619
-0.098356
-0.310815
-0.202471
-0.027677
-0.096962
0.016027
-0.128318
-0.178516
-0.241906
-0.105140
-0.038288
0.055950
-0.031287
-0.035562
-0.004726
-0.095773
-0.060441
-0.003839
-0.014029
-0.006688
0.017087
0.134044
0.151926
0.193655
0.098106
0.048268
-0.053426
-0.080795
0.018265
0.096576
0.138857
0.272827
0.025777
0.100185
-0.015061
0.002261
0.153540
0.145407
0.249984
0.249848
0.066857
-0.008787
-0.132611
-0.218894
-0.083910
0.001788
0.019221
0.015958
-0.053653
-0.034771
0.020325
-0.080377
-0.127952
-0.186878
0.673687
0.085797
-0.243460
-0.072604
-0.247420
-0.135712
0.202954
0.333652
0.222517
0.006832
-0.051557
-0.038994
-0.085171
-0.046430
0.132435
0.209467
0.131841
0.050803
0.135360
-0.147651
0.224261
0.097070
-0.067190
-0.223796
0.104356
0.023091
0.019609
0.035299
0.061434
0.012256
-0.002307
0.007577
0.011949
-0.032037
-0.034561
-0.036271
-0.000333
-0.032855
-0.021740
-0.022823
-0.037578
-0.030419
-0.037869
0.008048
0.001539
-0.016355
0.013519
0.086882
0.051860
-0.009182
0.028560
-0.015685
0.015990
0.039400
0.057974
0.028402
0.005433
-0.013775
0.015814
0.017182
0.006590
0.024275
0.007360
-0.010925
-0.009641
-0.016521
-0.022383
-0.047765
-0.044903
-0.057361
-0.038196
-0.021153
0.014522
0.021144
0.004197
-0.019178
-0.020730
-0.075183
-0.005062
-0.033963
-0.018617
-0.007865
-0.050986
-0.049454
-0.083318
-0.077177
-0.031168
-0.017868
0.014980
0.043875
0.011037
0.004256
-0.017187
-0.004818
0.008277
0.002827
-0.012707
0.008565
0.020694
0.034103
-0.201488
-0.040437
0.054954
0.005330
0.058874
0.026501
-0.066992
-0.108490
-0.070381
-0.002088
0.019600
0.015763
0.021824
0.005305
-0.042636
-0.070881
-0.041998
-0.017926
-0.051543
0.049348
-0.055657
-0.015299
0.015254
0.037845
-0.046028
0.051619
0.058731
0.114165
0.194259
0.047061
0.002686
0.044686
0.053719
-0.073811
-0.084158
-0.077276
0.038256
-0.056146
-0.022211
-0.033944
-0.076135
-0.065132
-0.092467
0.021961
0.015255
-0.026166
0.071096
0.271336
0.174275
0.007492
0.090283
-0.021678
0.087415
0.143940
0.197291
0.095879
0.033630
-0.034721
0.047120
0.050559
0.021727
0.086260
0.043948
-0.007315
-0.001618
-0.015228
-0.035633
-0.122084
-0.123033
-0.158733
-0.091375
-0.044205
0.054939
0.075573
0.008210
-0.063781
-0.081158
-0.219206
-0.010416
-0.083840
-0.014867
-0.005176
-0.130178
-0.123271
-0.217710
-0.211269
-0.065359
-0.015749
0.085753
0.166963
0.060984
0.014587
-0.023797
-0.002805
0.044803
0.029094
-0.018336
0.051429
0.092564
0.139107
-0.579059
-0.088899
0.196093
0.048478
0.203828
0.107319
-0.172835
-0.289327
-0.186612
0.006314
0.062938
0.051869
0.077350
0.037572
-0.108771
-0.184315
-0.111471
-0.041086
-0.124308
0.143225
-0.173882
-0.059661
0.057197
0.153685
-0.113851
0.013604
0.009683
0.017440
0.031737
0.003750
-0.004401
-0.000042
0.002651
-0.023174
-0.024119
-0.025910
-0.006739
-0.025241
-0.018908
-0.018795
-0.027578
-0.021987
-0.025540
0.003066
-0.001904
-0.013480
0.002419
0.046138
0.025373
-0.010879
0.014272
-0.013311
0.002671
0.017380
0.028217
0.013195
-0.000517
-0.010045
0.007227
0.008092
0.001816
0.010410
0.000057
-0.010804
-0.010249
-0.015015
-0.017834
-0.030899
-0.028347
-0.035598
-0.025943
-0.015989
0.004719
0.008482
0.000744
-0.011509
-0.011165
-0.045200
-0.005415
-0.023562
-0.017406
-0.008348
-0.033647
-0.033200
-0.053285
-0.047748
-0.022943
-0.016397
0.001602
0.018181
0.000698
0.000086
-0.015377
-0.006439
0.000067
-0.003109
-0.011779
0.000013
0.005867
0.012604
-0.117348
-0.028277
0.025193
-0.002668
0.027591
0.009672
-0.043418
-0.068015
-0.044939
-0.005385
0.007701
0.005503
0.008363
-0.002198
-0.028848
-0.045769
-0.027782
-0.014107
-0.035228
0.026145
-0.032486
-0.009199
0.004716
0.013842
-0.030714
0.009801
0.008669
0.020365
0.039316
0.005106
-0.005103
0.002424
0.005546
-0.024184
-0.026278
-0.027396
-0.001363
-0.024319
-0.016669
-0.017417
-0.027354
-0.023581
-0.029344
0.001042
-0.002831
-0.014234
0.007552
0.057540
0.033801
-0.008133
0.015093
-0.013845
0.009899
0.025283
0.037858
0.015878
0.000390
-0.014104
0.006466
0.007361
0.000142
0.013629
0.002040
-0.010481
-0.009524
-0.013768
-0.018511
-0.037194
-0.035440
-0.043954
-0.029815
-0.017927
0.007207
0.011731
-0.001554
-0.019408
-0.021045
-0.056882
-0.007808
-0.026661
-0.014356
-0.008887
-0.038063
-0.036486
-0.059519
-0.057145
-0.023897
-0.014161
0.009370
0.029615
0.005600
-0.001631
-0.013838
-0.006393
0.003330
-0.000361
-0.011548
0.002805
0.012475
0.023039
-0.145671
-0.030297
0.037725
0.002216
0.040167
0.016858
-0.048425
-0.076569
-0.051049
-0.003834
0.010617
0.007956
0.012218
0.001726
-0.032267
-0.051607
-0.032922
-0.015875
-0.037546
0.030040
-0.044820
-0.016836
0.007443
0.025754
-0.036236
-0.132955
-0.146759
-0.277420
-0.468721
-0.123060
-0.022134
-0.118467
-0.143887
0.155579
0.178866
0.169441
-0.098253
0.124138
0.046039
0.066030
0.163985
0.132119
0.197280
-0.079510
-0.061124
0.036810
-0.191256
-0.672214
-0.442912
-0.043004
-0.238510
0.027097
-0.227198
-0.361896
-0.486215
-0.253593
-0.106678
0.051697
-0.139736
-0.144834
-0.077413
-0.225482
-0.120312
0.003518
-0.008949
0.025601
0.076362
0.275948
0.274304
0.359039
0.207069
0.095265
-0.143697
-0.191671
-0.029175
0.146639
0.180633
0.516256
0.020344
0.195456
0.034242
0.001896
0.295559
0.278621
0.504892
0.485535
0.145883
0.034197
-0.204287
-0.399875
-0.154794
-0.049984
0.044361
-0.011555
-0.120697
-0.083443
0.031014
-0.134459
-0.230646
-0.343113
1.341903
0.196195
-0.478619
-0.128629
-0.493993
-0.270311
0.389557
0.670578
0.426932
-0.024833
-0.158964
-0.132572
-0.187246
-0.094135
0.247250
0.426296
0.265800
0.103962
0.290168
-0.336416
0.423932
0.159272
-0.119666
-0.333558
0.289128
0.039806
0.146636
0.390272
0.701049
0.142566
-0.024819
0.205207
0.203713
-0.282864
-0.325897
-0.204973
0.253652
-0.070682
0.062067
-0.037227
-0.182471
-0.171130
-0.298090
0.027131
0.074579
-0.026059
0.376666
1.043546
0.708557
0.165101
0.359908
0.014938
0.462244
0.607874
0.801029
0.375390
0.175039
-0.123013
0.144517
0.155644
0.063486
0.349642
0.241309
0.063997
0.095827
0.077954
-0.006795
-0.377968
-0.434265
-0.565902
-0.269471
-0.116743
0.195273
0.283596
-0.045177
-0.348294
-0.484559
-0.903237
-0.119020
-0.349752
0.051048
-0.000590
-0.484833
-0.458859
-0.791897
-0.781497
-0.209494
0.026038
0.418419
0.691380
0.259666
-0.019890
-0.047796
-0.041945
0.189246
0.133235
-0.045133
0.297300
0.433742
0.629336
-2.077550
-0.235194
0.797487
0.244639
0.794621
0.447873
-0.622260
-1.035686
-0.687253
-0.031592
0.152213
0.113178
0.263537
0.156465
-0.402169
-0.629324
-0.432241
-0.199775
-0.409332
0.438822
-0.759756
-0.388816
0.171888
0.709498
-0.303902
-0.046190
-0.111128
-0.268516
-0.468084
-0.100141
0.011786
-0.132930
-0.135589
0.183229
0.211776
0.142547
-0.158932
0.059083
-0.029595
0.032127
0.131837
0.124273
0.204333
-0.016901
-0.040898
0.031312
-0.229542
-0.673150
-0.449927
-0.085531
-0.222926
0.009456
-0.286771
-0.389138
-0.517744
-0.238781
-0.102856
0.091713
-0.088339
-0.096116
-0.033434
-0.220533
-0.144857
-0.026230
-0.046564
-0.031120
0.022122
0.263522
0.296950
0.382923
0.189090
0.086034
-0.125903
-0.181995
0.028160
0.208300
0.292960
0.574158
0.059903
0.214272
-0.030520
-0.000735
0.313288
0.295047
0.513956
0.510298
0.134057
-0.018600
-0.274829
-0.455243
-0.174812
0.002164
0.032494
0.023805
-0.121572
-0.083458
0.033453
-0.178080
-0.274457
-0.401894
1.378162
0.167232
-0.517740
-0.157642
-0.519432
-0.290418
0.409201
0.681591
0.450127
0.010213
-0.110408
-0.083942
-0.177130
-0.101728
0.266519
0.425104
0.278571
0.115097
0.275656
-0.302136
0.478008
0.222251
-0.125973
-0.449017
0.223019
-0.061976
-0.070840
-0.137363
-0.232574
-0.057386
-0.004804
-0.055211
-0.066180
0.085652
0.098273
0.090056
-0.047362
0.064662
0.024370
0.038520
0.088408
0.075069
0.107974
-0.027775
-0.020293
0.028549
-0.087316
-0.325442
-0.210227
-0.012239
-0.110116
0.022614
-0.107304
-0.174125
-0.237557
-0.116905
-0.042895
0.038518
-0.058230
-0.061986
-0.027899
-0.104727
-0.054538
0.006480
-0.000404
0.015622
0.039893
0.142843
0.144535
0.187148
0.107142
0.051192
-0.066773
-0.091387
-0.010365
0.075184
0.096090
0.260318
0.011580
0.098665
0.015733
0.004424
0.153143
0.145165
0.257507
0.249722
0.076357
0.017050
-0.103872
-0.200355
-0.074775
-0.018997
0.026634
0.001678
-0.054927
-0.036286
0.020094
-0.063838
-0.112690
-0.167955
0.685540
0.103081
-0.235329
-0.060039
-0.244438
-0.130245
0.203389
0.342251
0.220480
-0.008539
-0.075489
-0.062370
-0.093007
-0.045688
0.128088
0.217262
0.131328
0.048255
0.146353
-0.170563
0.207539
0.071935
-0.067986
-0.183131
0.134592
0.037771
0.040332
0.078335
0.133645
0.030933
-0.000055
0.027859
0.034660
-0.055176
-0.062388
-0.058983
0.020808
-0.045249
-0.021661
-0.029447
-0.058805
-0.049843
-0.068364
0.014353
0.008213
-0.022463
0.044173
0.186184
0.117206
-0.000625
0.061961
-0.019213
0.054780
0.096096
0.133973
0.064783
0.020168
-0.025928
0.031822
0.034233
0.013802
0.057075
0.026898
-0.009016
-0.005142
-0.015397
-0.028783
-0.087786
-0.087914
-0.113277
-0.067440
-0.034050
0.035753
0.050015
0.005420
-0.043619
-0.054363
-0.153553
-0.007853
-0.060668
-0.015011
-0.006240
-0.094178
-0.090028
-0.156715
-0.150554
-0.049855
-0.016146
0.054412
0.111844
0.039223
0.010314
-0.020258
-0.003826
0.028245
0.017079
-0.015275
0.033885
0.061287
0.092121
-0.407102
-0.066210
0.131312
0.029041
0.138144
0.070704
-0.125078
-0.207410
-0.134260
0.002324
0.043172
0.035445
0.052741
0.023183
-0.078487
-0.131948
-0.078404
-0.029274
-0.090451
0.100677
-0.119244
-0.038358
0.039576
0.104048
-0.080212
-0.009644
-0.010249
-0.025453
-0.048325
-0.007057
0.005420
-0.005202
-0.008426
0.027138
0.030101
0.029878
-0.002494
0.024748
0.015401
0.017637
0.029299
0.025973
0.033506
-0.000415
0.002692
0.015167
-0.011895
-0.069793
-0.041940
0.006491
-0.018487
0.014274
-0.015867
-0.032913
-0.047980
-0.019959
-0.001911
0.016729
-0.007223
-0.008230
0.000147
-0.017351
-0.004558
0.010016
0.008590
0.012851
0.018661
0.042412
0.041707
0.051881
0.033565
0.019725
-0.009435
-0.015011
0.002739
0.023975
0.027592
0.067755
0.008808
0.030027
0.012332
0.008696
0.043553
0.041550
0.068459
0.066875
0.025881
0.012835
-0.015928
-0.039703
-0.009997
0.001640
0.013606
0.006614
-0.006070
-0.001628
0.011677
-0.006862
-0.018759
-0.031878
0.172884
0.032944
-0.048384
-0.006003
-0.051195
-0.023145
0.055713
0.088761
0.059303
0.003481
-0.013156
-0.010017
-0.016252
-0.004449
0.036869
0.058997
0.037554
0.017261
0.041833
-0.035785
0.054277
0.021164
-0.010795
-0.036647
0.039744
-0.059275
-0.053323
-0.089575
-0.149472
-0.038975
-0.006419
-0.029390
-0.039496
0.057960
0.063955
0.068078
-0.013787
0.059607
0.034930
0.036919
0.069972
0.055140
0.072586
-0.028741
-0.014973
0.023544
-0.044870
-0.208626
-0.131050
0.005684
-0.074433
0.021989
-0.051636
-0.102846
-0.143955
-0.075893
-0.025053
0.019648
-0.046586
-0.049432
-0.025899
-0.067182
-0.029056
0.011910
0.009026
0.023782
0.038158
0.096377
0.090008
0.117655
0.073926
0.035676
-0.045134
-0.059893
-0.019394
0.035725
0.039646
0.159961
0.001747
0.065084
0.028725
0.006289
0.101981
0.097689
0.173388
0.161828
0.057016
0.026739
-0.047761
-0.112962
-0.037855
-0.019350
0.025575
-0.000923
-0.031148
-0.019144
0.016776
-0.030090
-0.059309
-0.091040
0.442693
0.078315
-0.138648
-0.026198
-0.146760
-0.073554
0.136492
0.229093
0.144694
-0.007636
-0.055273
-0.046593
-0.059856
-0.024565
0.083579
0.146548
0.084621
0.030511
0.102802
-0.119634
0.119208
0.028995
-0.043770
-0.096450
0.095661
-0.144385
-0.183459
-0.375474
-0.645276
-0.158880
-0.017753
-0.170244
-0.199099
0.222563
0.256422
0.222251
-0.158150
0.147036
0.035278
0.074751
0.209337
0.170290
0.267377
-0.096863
-0.088221
0.035962
-0.292495
-0.947015
-0.633605
-0.091539
-0.337378
0.016446
-0.350084
-0.522736
-0.694570
-0.358603
-0.162095
0.069519
-0.189079
-0.195275
-0.104014
-0.322575
-0.186713
-0.016273
-0.036271
0.005184
0.078422
0.368256
0.377675
0.495793
0.272196
0.122700
-0.197969
-0.269645
-0.024760
0.236270
0.300407
0.749022
0.052597
0.286943
0.030186
0.003976
0.417870
0.394260
0.705471
0.682145
0.201764
0.033252
-0.304165
-0.569851
-0.221367
-0.049765
0.057018
-0.007158
-0.170298
-0.119556
0.041699
-0.205976
-0.339413
-0.502438
1.861445
0.253413
-0.685054
-0.194396
-0.699531
-0.392133
0.537974
0.927321
0.598114
-0.019308
-0.201058
-0.165882
-0.255729
-0.133679
0.347052
0.583596
0.379895
0.163483
0.395555
-0.445860
0.627766
0.271580
-0.152557
-0.498309
0.376668
0.043326
0.039934
0.070608
0.119630
0.029220
0.002371
0.022435
0.030269
-0.049309
-0.054658
-0.056779
0.011133
-0.048617
-0.028315
-0.031175
-0.057757
-0.046724
-0.061507
0.019255
0.009225
-0.021416
0.035186
0.167305
0.104267
-0.005827
0.057658
-0.019804
0.041586
0.082411
0.116105
0.059121
0.017881
-0.019586
0.033994
0.036267
0.017270
0.051977
0.021817
-0.011193
-0.008578
-0.019950
-0.031656
-0.080334
-0.076374
-0.099022
-0.062155
-0.031166
0.034034
0.046140
0.011716
-0.033038
-0.037579
-0.133384
-0.004125
-0.054677
-0.022537
-0.006899
-0.084956
-0.081437
-0.142632
-0.134289
-0.047717
-0.021815
0.039584
0.092567
0.030483
0.013027
-0.021502
-0.001527
0.023944
0.014075
-0.014946
0.024656
0.048583
0.074658
-0.363855
-0.064523
0.112170
0.020655
0.119120
0.059050
-0.113087
-0.188106
-0.120034
0.004097
0.042580
0.035541
0.047382
0.018980
-0.069894
-0.120477
-0.070250
-0.026087
-0.084409
0.094723
-0.100316
-0.026819
0.034820
0.081262
-0.077608
0.001762
0.002879
0.000064
-0.005262
0.004679
0.007547
0.005982
0.004925
0.013786
0.014153
0.014964
0.007999
0.014716
0.012519
0.012214
0.015342
0.013566
0.014977
0.005097
0.006803
0.010586
0.004647
-0.010733
-0.003642
0.009345
0.001336
0.010534
0.004464
-0.000523
-0.004137
0.001475
0.006133
0.009789
0.003600
0.003309
0.005495
0.002128
0.005898
0.009783
0.009605
0.011223
0.012515
0.017334
0.016256
0.018732
0.015211
0.011629
0.003988
0.002674
0.005773
0.010910
0.010783
0.022608
0.008375
0.014580
0.012212
0.009211
0.017903
0.017547
0.024610
0.023139
0.014068
0.011778
0.005246
-0.000623
0.005899
0.006715
0.011524
0.008424
0.006016
0.007063
0.010436
0.006698
0.004119
0.001096
0.048454
0.015699
-0.004111
0.006396
-0.004557
0.002035
0.020996
0.029558
0.021603
0.007782
0.003428
0.004187
0.003347
0.006733
0.016299
0.022304
0.016496
0.011536
0.018317
-0.002994
0.018692
0.010524
0.004724
0.000996
0.017894
0.091715
0.089174
0.154687
0.257135
0.069152
0.013810
0.058415
0.074073
-0.090312
-0.101682
-0.103589
0.038497
-0.084684
-0.042497
-0.049363
-0.104696
-0.083096
-0.115085
0.047653
0.029926
-0.030306
0.089231
0.360063
0.231416
0.005573
0.128988
-0.026333
0.104630
0.185754
0.254741
0.134124
0.050355
-0.030079
0.078965
0.083091
0.044516
0.119295
0.057871
-0.010649
-0.004910
-0.027213
-0.052861
-0.156029
-0.149519
-0.196001
-0.117986
-0.054733
0.079511
0.104985
0.027966
-0.065399
-0.077335
-0.272322
-0.003302
-0.105656
-0.033396
-0.004112
-0.165416
-0.157350
-0.283522
-0.267969
-0.086919
-0.031278
0.096579
0.205083
0.074908
0.032463
-0.033625
0.005052
0.059777
0.039541
-0.021965
0.061514
0.112673
0.169361
-0.740917
-0.120130
0.247844
0.057632
0.259576
0.136283
-0.221537
-0.376607
-0.237819
0.015482
0.092624
0.078065
0.103756
0.047747
-0.136772
-0.239709
-0.141251
-0.050589
-0.165254
0.197501
-0.210608
-0.060705
0.074127
0.174468
-0.157879
0.026977
0.022040
0.037506
0.064389
0.013665
-0.001246
0.007937
0.012784
-0.032842
-0.035157
-0.037935
-0.001550
-0.035335
-0.023960
-0.024249
-0.039681
-0.031423
-0.038700
0.010513
0.002783
-0.016559
0.013657
0.090928
0.054254
-0.010077
0.030995
-0.016122
0.015489
0.040629
0.059912
0.030474
0.006333
-0.012664
0.018353
0.019800
0.008672
0.026030
0.007831
-0.011364
-0.010206
-0.017864
-0.023788
-0.049113
-0.045294
-0.058236
-0.039354
-0.021452
0.016046
0.022793
0.006467
-0.017622
-0.018146
-0.076403
-0.003943
-0.034800
-0.020854
-0.007774
-0.052535
-0.051071
-0.086613
-0.079294
-0.032513
-0.019635
0.013953
0.044187
0.010915
0.005953
-0.018155
-0.004073
0.008782
0.003148
-0.012958
0.008328
0.020548
0.033927
-0.207725
-0.042535
0.056064
0.004887
0.060370
0.027031
-0.069325
-0.112786
-0.072530
-0.001364
0.021529
0.017526
0.023097
0.005447
-0.043723
-0.073599
-0.043002
-0.018053
-0.053877
0.052791
-0.055420
-0.013382
0.016201
0.036839
-0.048389
-0.008032
-0.004366
-0.008407
-0.016710
0.000753
0.005743
0.003731
0.002046
0.018874
0.019127
0.020467
0.009487
0.020814
0.016810
0.016514
0.022306
0.017679
0.019415
0.000083
0.003868
0.011987
0.002904
-0.025436
-0.011989
0.011342
-0.006958
0.011836
0.003442
-0.006558
-0.013507
-0.005436
0.003508
0.008432
-0.002429
-0.003023
0.001014
-0.003299
0.003439
0.010475
0.010212
0.013726
0.014991
0.022177
0.020188
0.024822
0.019606
0.013357
0.000504
-0.001893
0.001598
0.008118
0.007279
0.030519
0.005919
0.018423
0.016140
0.008554
0.024999
0.025123
0.038169
0.033059
0.018690
0.015169
0.004536
-0.005651
0.004270
0.002419
0.014402
0.007611
0.004142
0.006189
0.011396
0.003851
0.001188
-0.002303
0.074812
0.021664
-0.010580
0.006367
-0.012005
-0.001411
0.031604
0.047614
0.032311
0.007456
-0.001157
0.000203
-0.001389
0.006033
0.022079
0.033003
0.020672
0.012329
0.026828
-0.013969
0.021431
0.006868
0.000741
-0.002608
0.022295
7.314261
-1.747894
-2.806550
-2.795504
-2.454087
0.408708
-0.257203
2.985735
-2.128986
-0.146369
1.431766
0.726267
1.639850
-4.359071
4.043005
0.403193
-2.978975
1.571760
0.630854
2.296795
-0.255487
0.314176
-0.581733
-0.108297
0.326061
-3.627771
-2.825712
1.637739
5.004730
2.006171
0.055906
-1.928650
-0.852937
0.446583
0.864398
0.366595
0.414190
-1.235057
3.250123
-1.803197
-0.639193
0.679246
-0.125006
-0.298935
-1.930990
0.585508
0.015939
0.910298
0.438326
0.004009
-5.266670
1.543495
2.443263
3.638531
1.041175
-1.776386
0.367743
-3.433073
3.819088
0.865821
0.366596
0.414214
-1.257868
3.485949
-2.123211
-0.640162
0.679923
-0.125032
-0.300843
-1.967429
0.585548
0.015882
0.911827
0.438355
0.003999
3.958201
3.147862
-1.310891
-4.583964
-1.680870
0.274155
2.259120
1.183312
-0.116521
-0.534368
-0.036533
-0.084130
1.565725
-2.922598
2.136548
0.969270
-0.349198
0.455066
0.629044
2.261760
-0.255449
0.314122
-0.580273
-0.108265
0.326050
-7.314261
1.747894
2.806550
2.795504
2.454087
-0.408708
0.257203
-2.985735
2.128986
0.146369
-1.431766
-0.726267
-1.639850
4.359071
-4.043005
-0.403193
2.978975
-1.571760
-0.630854
-2.296795
0.255487
-0.314176
0.581733
0.108297
-0.326061
3.627771
2.825712
-1.637739
-5.004730
-2.006171
-0.055906
1.928650
0.852937
-0.446583
-0.864398
-0.366595
-0.414190
1.235057
-3.250123
1.803197
0.639193
-0.679246
0.125006
0.298935
1.930990
-0.585508
-0.015939
-0.910298
-0.438326
-0.004009
5.266670
-1.543495
-2.443263
-3.638531
-1.041175
1.776386
-0.367743
3.433073
-3.819088
-0.865821
-0.366596
-0.414214
1.257868
-3.485949
2.123211
0.640162
-0.679923
0.125032
0.300843
1.967429
-0.585548
-0.015882
-0.911827
-0.438355
-0.003999
-3.958201
-3.147862
1.310891
4.583964
1.680870
-0.274155
-2.259120
-1.183312
0.116521
0.534368
0.036533
0.084130
-1.565725
2.922598
-2.136548
-0.969270
0.349198
-0.455066
-0.629044
-2.261760
0.255449
-0.314122
0.580273
0.108265
-0.326050
